create_time,symbol,sum_open_interest,sum_open_interest_value,count_toptrader_long_short_ratio,sum_toptrader_long_short_ratio,count_long_short_ratio,sum_taker_long_short_vol_ratio
2023-03-15 00:00:00,ADAUSDT,193528186.0,66423160.0845199,3.00414364640884,1.2302519415,2.9925703166460287,0.9351653919
2023-03-15 00:05:00,ADAUSDT,193218464.0,66485451.33672544,3.018595614765473,1.2347408221,3.007816663705809,0.9016523805
2023-03-15 00:10:00,ADAUSDT,193333090.0,66332583.179,3.0370886781929727,1.2356298506,3.0212045616535996,1.0837950956
2023-03-15 00:15:00,ADAUSDT,193209818.0,66116399.7196,3.0303621169916433,1.2382422282,3.007106057914372,0.9159926448
2023-03-15 00:20:00,ADAUSDT,193269105.0,66194668.4625,3.0345789180145006,1.2405322933,3.0051473198438057,0.7694873788
2023-03-15 00:25:00,ADAUSDT,193187927.0,66128227.4121,3.0331846068042387,1.2412673196,3.0010642071656615,0.9957078057
2023-03-15 00:30:00,ADAUSDT,192750955.0,65678758.3956537,3.052941176470588,1.2422213617,3.0014207068016336,0.8620963658
2023-03-15 00:35:00,ADAUSDT,192960131.0,65642811.73588957,3.056582633053221,1.2451931613,3.0046214006398864,1.1784371679
2023-03-15 00:40:00,ADAUSDT,192831152.0,65571618.10622512,3.063937184520471,1.2446146862,3.0007097232079487,0.87668964
2023-03-15 00:45:00,ADAUSDT,192739736.0,65743568.27973928,3.057606263982103,1.2447682764,3.0015917934205874,1.4458041674
2023-03-15 00:50:00,ADAUSDT,192707741.0,65790422.7774,3.069506726457399,1.245681964,3.015600070909413,0.9922546705
2023-03-15 00:55:00,ADAUSDT,192635921.0,65905431.55333951,3.0631991051454137,1.2473922263,3.013456090651558,0.8973465028
2023-03-15 01:00:00,ADAUSDT,192896019.0,66201913.7208,3.048467966573816,1.2489381015,3.013444188926234,0.9472917272
2023-03-15 01:05:00,ADAUSDT,192893155.0,66393478.67225255,3.0779803646563817,1.2495914787,3.0298985584623597,1.0460354522
2023-03-15 01:10:00,ADAUSDT,192736251.0,66224175.8436,3.086773378264533,1.2488479699,3.042572141075882,0.6377019033
2023-03-15 01:15:00,ADAUSDT,192946272.0,66315633.6864,3.09106239460371,1.2490088638,3.04879786286732,0.9270883033
2023-03-15 01:20:00,ADAUSDT,193220571.0,66509863.2540783,3.0990433314575125,1.2486744781,3.0570206699928724,1.1441368759
2023-03-15 01:25:00,ADAUSDT,193074760.0,66611624.3522156,3.0910112359550563,1.2450792504,3.0791547277936964,0.8635269781
2023-03-15 01:30:00,ADAUSDT,193172939.0,66586712.0733,3.098706411698538,1.247513589,3.084466714387974,0.7354520904
2023-03-15 01:35:00,ADAUSDT,193879627.0,66907859.2777,3.094048287478945,1.2495074092,3.0854486950303897,1.1777011477
2023-03-15 01:40:00,ADAUSDT,194014028.0,66996530.30048316,3.086603139013453,1.2501683499,3.0813849723362483,1.1258247698
2023-03-15 01:45:00,ADAUSDT,194236153.0,67126546.05148332,3.0904494382022474,1.2512071808,3.094444444444445,1.089497705
2023-03-15 01:50:00,ADAUSDT,194397145.0,66973531.38194095,3.0863470703672555,1.2525020259,3.092910848549946,0.93057487
2023-03-15 01:55:00,ADAUSDT,194449051.0,67007142.9746,3.090603085553997,1.2520840424,3.0986218006085555,0.9644315194
2023-03-15 02:00:00,ADAUSDT,194457738.0,66965813.76257766,3.091470258136925,1.2520769673,3.1028121081855633,1.2064981485
2023-03-15 02:05:00,ADAUSDT,195015599.0,67179246.5653586,3.0937412293011506,1.2400948104,3.1031333930170097,2.3723803694
2023-03-15 02:10:00,ADAUSDT,194923501.0,67248607.845,3.0947840717891193,1.2506229298,3.108306480486932,1.7617545134
2023-03-15 02:15:00,ADAUSDT,194399941.0,66756939.7394,3.1137387387387387,1.2465110924,3.1290902553038475,0.3973599024
2023-03-15 02:20:00,ADAUSDT,195332763.0,67018323.29298186,3.1125175808720114,1.2495630614,3.1255387931034484,0.8015281236
2023-03-15 02:25:00,ADAUSDT,195431178.0,67111066.5252,3.1078294789634997,1.3214634593,3.113831308077198,1.1754145269
2023-03-15 02:30:00,ADAUSDT,195405501.0,67175225.18180346,3.112071368831893,1.3208341789,3.114622388859132,0.945507844
2023-03-15 02:35:00,ADAUSDT,195037277.0,67141065.75846595,3.107957707289928,1.3176855564,3.118150990540782,0.8498792295
2023-03-15 02:40:00,ADAUSDT,194897937.0,67044890.328,3.0944336748823043,1.3203556078,3.111348274635361,1.3405336168
2023-03-15 02:45:00,ADAUSDT,194887640.0,67158280.744,3.094407530454042,1.3203089917,3.1193444959030994,1.1927682102
2023-03-15 02:50:00,ADAUSDT,194962537.0,67067112.728,3.093274287295876,1.319677034,3.1123735132256347,1.0284029185
2023-03-15 02:55:00,ADAUSDT,194820293.0,67180103.73032402,3.0932484781405645,1.3195013132,3.1123735132256347,1.3569619637
2023-03-15 03:00:00,ADAUSDT,195162368.0,67252257.23476993,3.1184611126487685,1.3196421761,3.1376554174067497,1.2095007006
2023-03-15 03:05:00,ADAUSDT,195157153.0,67231639.2085,3.1036098098649765,1.3193037957,3.127034677990092,1.1607965177
2023-03-15 03:10:00,ADAUSDT,195246996.0,67262590.122,3.1053212020953955,1.3195266052,3.132235793945831,1.0107286714
2023-03-15 03:15:00,ADAUSDT,195062543.0,67345912.55337556,3.0962596259625963,1.3182564153,3.129842561471785,1.3304624823
2023-03-15 03:20:00,ADAUSDT,195044227.0,67036700.8199,3.106265525807342,1.3172232792,3.133168053833894,0.8003012268
2023-03-15 03:25:00,ADAUSDT,194987489.0,67043917.15504278,3.0949628406275806,1.3169360597,3.118497619467466,1.1878902511
2023-03-15 03:30:00,ADAUSDT,193394218.0,66146535.42119972,3.1476734466425187,1.3075566921,3.163808503036799,0.4626065534
2023-03-15 03:35:00,ADAUSDT,193437520.0,66275418.02426,3.119192477876106,1.3098745242,3.146692745376956,1.5697156633
2023-03-15 03:40:00,ADAUSDT,193553425.0,66360132.415278,3.1282903851482406,1.3125340169,3.1510574018126887,1.0601976216
2023-03-15 03:45:00,ADAUSDT,193555854.0,66428369.0928,3.1245157719977863,1.3164557935,3.1482532363894307,1.5146804971
2023-03-15 03:50:00,ADAUSDT,193418350.0,66344758.9788785,3.1196463111356727,1.3175801621,3.145209845935895,0.7404916931
2023-03-15 03:55:00,ADAUSDT,193430321.0,66327257.0709,3.1301578510108,1.3167176734,3.1511071744907,0.5624872382
2023-03-15 04:00:00,ADAUSDT,193247866.0,66365278.765653,3.127524204702628,1.3166020542,3.143462897526502,0.9539823799
2023-03-15 04:05:00,ADAUSDT,193377313.0,66518606.88010863,3.120209539564378,1.3170959546,3.1448202959830867,1.5370535393
2023-03-15 04:10:00,ADAUSDT,193590110.0,66633715.862,3.1039780521262004,1.3188613719,3.1401475237091674,1.3024076409
2023-03-15 04:15:00,ADAUSDT,193668488.0,66467025.0816,3.1025500411296956,1.3181942655,3.136897458369851,0.4720243193
2023-03-15 04:20:00,ADAUSDT,193387292.0,66401536.00216388,3.098576122672508,1.3169845545,3.132002801120448,0.7818497329
2023-03-15 04:25:00,ADAUSDT,193547670.0,66638462.781,3.0971538040503557,1.3189715982,3.131164742917104,1.0135567448
2023-03-15 04:30:00,ADAUSDT,193734960.0,66780440.712,3.112575507962658,1.3196527246,3.138704028021016,1.5429580925
2023-03-15 04:35:00,ADAUSDT,193885077.0,66668611.01898741,3.1170973062122047,1.3169020245,3.144533987386125,0.7695790511
2023-03-15 04:40:00,ADAUSDT,193955231.0,66778786.0333,3.124380847550908,1.3169248613,3.1516213847502192,1.2043148457
2023-03-15 04:45:00,ADAUSDT,194038260.0,66749161.44,3.1180994232353747,1.3166774186,3.1466573328666434,0.8977457622
2023-03-15 04:50:00,ADAUSDT,193945782.0,66756138.1644,3.111598574170551,1.3165825434,3.1414847161572053,0.9412065615
2023-03-15 04:55:00,ADAUSDT,194056695.0,66852531.4275,3.1134868421052633,1.316383364,3.1486273824095123,2.5556090019
2023-03-15 05:00:00,ADAUSDT,193862730.0,66902028.123,3.113455741298986,1.3148413417,3.152607630381519,1.1249351966
2023-03-15 05:05:00,ADAUSDT,194271045.0,67172800.0522407,3.1084040514645497,1.3114795995,3.1546139029942215,1.1335110777
2023-03-15 05:10:00,ADAUSDT,194140852.0,67172734.792,3.1165980795610424,1.311416988,3.1574982480728804,0.9788679803
2023-03-15 05:15:00,ADAUSDT,193927606.0,67176522.7184,3.114466099368652,1.3111554191,3.1630969101123596,1.2631316336
2023-03-15 05:20:00,ADAUSDT,193818826.0,67048399.64762362,3.1138233680746024,1.3132465751,3.159166520749431,0.8242166208
2023-03-15 05:25:00,ADAUSDT,193611452.0,67025595.41933172,3.1008472260180375,1.3139105439,3.1513881613410164,1.3932429953
2023-03-15 05:30:00,ADAUSDT,193698076.0,67077643.7188,3.1052487698195734,1.3133767827,3.1612790494495893,1.1389677681
2023-03-15 05:35:00,ADAUSDT,193516569.0,66776257.38658491,3.092643051771117,1.3138016358,3.1485355648535567,0.5514846567
2023-03-15 05:40:00,ADAUSDT,193041615.0,66703862.1836964,3.076296497420581,1.3235548195,3.133646159193604,1.8801565073
2023-03-15 05:45:00,ADAUSDT,192851249.0,66633874.84290546,3.085714285714286,1.3277811801,3.136126564673157,1.0117730397
2023-03-15 05:50:00,ADAUSDT,192934488.0,66520137.98974848,3.066937669376694,1.3268365766,3.1255418761921274,0.9768739193
2023-03-15 05:55:00,ADAUSDT,192996785.0,66371594.3615,3.076692956214305,1.3300092454,3.117473538087802,0.8063525879
2023-03-15 06:00:00,ADAUSDT,193018509.0,66268859.39720136,3.08981708981709,1.3342220093,3.1355074991280083,0.6546531183
2023-03-15 06:05:00,ADAUSDT,193262605.0,66366378.557,3.0783247212401412,1.3331037965,3.1335073977371626,1.3810732622
2023-03-15 06:10:00,ADAUSDT,193326957.0,66221595.27124803,3.0791190864600324,1.3343302856,3.1230475529330093,0.8146139569
2023-03-15 06:15:00,ADAUSDT,193347265.0,66249168.1272463,3.0688346883468833,1.3337837595,3.1143203043929435,1.1318510086
2023-03-15 06:20:00,ADAUSDT,193341310.0,66161699.8278567,3.060286563936199,1.3361453477,3.104019320338106,0.9905618506
2023-03-15 06:25:00,ADAUSDT,193164712.0,65985065.6192,3.058918918918919,1.3347544316,3.1027586206896554,0.360541479
2023-03-15 06:30:00,ADAUSDT,193737756.0,66382552.70016768,3.062466197944835,1.337497347,3.107986889770571,1.2576320882
2023-03-15 06:35:00,ADAUSDT,194501295.0,66519442.89,3.0645771413131584,1.3424068867,3.1069030814253744,0.9399838729
2023-03-15 06:40:00,ADAUSDT,194425827.0,66575641.6478286,3.057713052858684,1.3396437888,3.099021795091814,1.0018401086
2023-03-15 06:45:00,ADAUSDT,194362483.0,66857436.63678492,3.0627027027027025,1.3381997468,3.1102118133287413,1.007951434
2023-03-15 06:50:00,ADAUSDT,194431105.0,66787084.5675,3.0674066053059015,1.3369641889,3.1184187812877613,0.5827041382
2023-03-15 06:55:00,ADAUSDT,194559207.0,66714250.90951236,3.0720086626962644,1.3352216687,3.1205796101431775,0.7251083041
2023-03-15 07:00:00,ADAUSDT,194578589.0,66643166.7325,3.085551330798479,1.3332625452,3.127589779005525,0.8561661507
2023-03-15 07:05:00,ADAUSDT,194848773.0,66774674.5071,3.0896457765667575,1.3277441912,3.133540909877184,0.8978986685
2023-03-15 07:10:00,ADAUSDT,194696758.0,66721017.49860084,3.0832426550598475,1.3266297562,3.131374243733794,0.822313972
2023-03-15 07:15:00,ADAUSDT,194879804.0,66645182.45653184,3.08994276369583,1.3250871864,3.1338405671796647,0.9844296649
2023-03-15 07:20:00,ADAUSDT,194473057.0,66499892.64959041,3.0727667662231877,1.3225551735,3.1079124288915705,1.3388538413
2023-03-15 07:25:00,ADAUSDT,194499557.0,66577198.3611,3.077717391304348,1.3230302589,3.115537161579583,0.8061096032
2023-03-15 07:30:00,ADAUSDT,194511733.0,66609805.76638193,3.0837867247007615,1.3250652177,3.1186002413377003,1.0351143328
2023-03-15 07:35:00,ADAUSDT,194888434.0,66754821.52764126,3.0773615635179152,1.3246255621,3.1138435081685296,1.2291515873
2023-03-15 07:40:00,ADAUSDT,195930515.0,67106201.3875,3.069068255687974,1.3209334214,3.111053896326811,0.531133481
2023-03-15 07:45:00,ADAUSDT,197010601.0,67712543.5637,3.0627366143861545,1.3187184118,3.108669527896996,0.6855979223
2023-03-15 07:50:00,ADAUSDT,198047469.0,68088719.8422,3.060794379897325,1.3104383802,3.105948911366364,0.4142101848
2023-03-15 07:55:00,ADAUSDT,198383218.0,68104958.7394,3.063818280151433,1.3097300591,3.1060839760068553,1.102294627
2023-03-15 08:00:00,ADAUSDT,198417485.0,68255614.84,3.0701326834551854,1.3092045807,3.11238846945779,1.2843066925
2023-03-15 08:05:00,ADAUSDT,198694709.0,68271502.0124,3.077590884427564,1.3079019146,3.1227647867950483,0.8040177712
2023-03-15 08:10:00,ADAUSDT,198745407.0,68201434.1170386,3.078676071622355,1.3080516537,3.116618075801749,0.783719093
2023-03-15 08:15:00,ADAUSDT,198577276.0,68153837.95696215,3.0794253185145024,1.3059669199,3.112574850299401,0.8858279282
2023-03-15 08:20:00,ADAUSDT,198396453.0,68192918.10356385,3.0860711376595167,1.3073669592,3.1169720842610036,0.933326209
2023-03-15 08:25:00,ADAUSDT,198488557.0,68200668.1852,3.093554528147947,1.3084292775,3.1195000856017807,0.8956677046
2023-03-15 08:30:00,ADAUSDT,199261112.0,68207078.6376,3.081344902386117,1.3133650383,3.108513905476881,0.4372237117
2023-03-15 08:35:00,ADAUSDT,198457332.0,67825821.66988632,3.0871335504885993,1.307575177,3.115654405474765,1.2164196774
2023-03-15 08:40:00,ADAUSDT,198451796.0,67987059.01823692,3.084575765790187,1.3082881379,3.1123250256060087,0.947070225
2023-03-15 08:45:00,ADAUSDT,198328731.0,68030314.73372145,3.092612710483433,1.309457315,3.1225817497003936,1.4721993589
2023-03-15 08:50:00,ADAUSDT,198075527.0,67840867.9975,3.093155893536122,1.3098844495,3.12271093616293,0.8170396799
2023-03-15 08:55:00,ADAUSDT,198073025.0,67786036.1631875,3.085071796261176,1.3099696127,3.1201298701298703,1.1307045451
2023-03-15 09:00:00,ADAUSDT,198040855.0,67875964.1674889,3.091402224030377,1.3101436496,3.1196449906127324,1.6889676261
2023-03-15 09:05:00,ADAUSDT,198212022.0,67907438.7372,3.10421768707483,1.3063625656,3.1323403526793356,1.1484893006
2023-03-15 09:10:00,ADAUSDT,198405024.0,67769638.55468255,3.1013311600108664,1.3086858618,3.123635743519782,0.7073256293
2023-03-15 09:15:00,ADAUSDT,198364373.0,67717248.79514384,3.096774193548387,1.308464856,3.118577747533174,0.6348038856
2023-03-15 09:20:00,ADAUSDT,198137196.0,67602558.6924174,3.1017915309446256,1.3062566574,3.126405451448041,0.4206518663
2023-03-15 09:25:00,ADAUSDT,198326501.0,67523519.73639145,3.099186991869918,1.3063664052,3.1172074061491424,0.7132678675
2023-03-15 09:30:00,ADAUSDT,198433610.0,67558712.8136083,3.078167115902965,1.307196965,3.085690235690236,0.9143702163
2023-03-15 09:35:00,ADAUSDT,198582343.0,67756295.4316,3.0726001613336917,1.3068528557,3.084383930072281,1.0942419398
2023-03-15 09:40:00,ADAUSDT,198239837.0,67223128.7267,3.0677601505781125,1.3042154223,3.0671152228763665,0.3631484855
2023-03-15 09:45:00,ADAUSDT,198019362.0,67108761.7818,3.0566290928609767,1.3028061921,3.037129954841947,1.1098943588
2023-03-15 09:50:00,ADAUSDT,198236804.0,67221257.729983,3.075720829964969,1.3043374737,3.050150956055015,0.9477523169
2023-03-15 09:55:00,ADAUSDT,198399039.0,67415993.4522,3.072101156846919,1.3059396544,3.050955414012739,1.5350099431
2023-03-15 10:00:00,ADAUSDT,198445314.0,67311821.00738747,3.0603217158176945,1.3081500265,3.032150591370981,1.0882046544
2023-03-15 10:05:00,ADAUSDT,198910093.0,67626638.92229427,3.0434782608695654,1.3022994766,3.0100809783506857,1.0439225775
2023-03-15 10:10:00,ADAUSDT,199005172.0,67641857.9628,3.037263774287996,1.3075548278,2.9983552631578947,1.2772737204
2023-03-15 10:15:00,ADAUSDT,199466352.0,67615407.18981504,3.0372340425531914,1.3012884747,2.9932753813350828,1.2546211459
2023-03-15 10:20:00,ADAUSDT,200157852.0,67739724.09071653,3.034546904065905,1.294017498,2.987397708674304,1.5493107232
2023-03-15 10:25:00,ADAUSDT,200289643.0,67768198.99579658,3.0315566162821534,1.2947164408,2.9892068683565003,1.197136502
2023-03-15 10:30:00,ADAUSDT,199745669.0,67312410.8462547,3.0680235672201395,1.2953027328,3.003956478733927,0.6484005641
2023-03-15 10:35:00,ADAUSDT,199604419.0,67319392.75379276,3.055244195356285,1.2947970211,2.991626990641931,1.1174114316
2023-03-15 10:40:00,ADAUSDT,199936563.0,67394872.57484064,3.042785011958544,1.293220682,2.981212220225453,1.1541140471
2023-03-15 10:45:00,ADAUSDT,199852220.0,67749902.58,3.0406266595857674,1.2889426803,2.9913143231727304,1.672463994
2023-03-15 10:50:00,ADAUSDT,199844684.0,67707378.9392,3.045152722443559,1.2887012864,3.001804757998359,0.7690174963
2023-03-15 10:55:00,ADAUSDT,200026943.0,67652362.56042375,3.050531914893617,1.2892302044,2.995578843949566,1.155964185
2023-03-15 11:00:00,ADAUSDT,200046583.0,67383180.89893335,3.0416777276347227,1.2889691777,2.987418300653595,1.0632197369
2023-03-15 11:05:00,ADAUSDT,200714802.0,67339816.071,3.0257021727609965,1.2843248712,2.9452411994784877,0.9169465943
2023-03-15 11:10:00,ADAUSDT,200570078.0,67050577.0754,2.9955263157894736,1.282707497,2.9144715447154472,0.7233168475
2023-03-15 11:15:00,ADAUSDT,200788414.0,67229504.77531055,2.9829753797799894,1.2891232875,2.9086047642197377,1.5057063801
2023-03-15 11:20:00,ADAUSDT,201034028.0,67004641.5324,2.9842354177614294,1.2825956452,2.9039934800325997,0.8760725275
2023-03-15 11:25:00,ADAUSDT,200977344.0,67027324.93835328,2.9837270341207347,1.2796055524,2.906912292142158,1.0627003864
2023-03-15 11:30:00,ADAUSDT,201471054.0,67211851.705197,3.011327713382508,1.2801761591,2.926064958380937,1.2952067392
2023-03-15 11:35:00,ADAUSDT,202228564.0,67463448.9504,3.0184696569920844,1.2781981425,2.9378993937407833,1.1369723121
2023-03-15 11:40:00,ADAUSDT,201779687.0,67653528.82526419,3.033112582781457,1.2751494117,2.958689927583937,1.2091073184
2023-03-15 11:45:00,ADAUSDT,202235978.0,67887549.89481375,3.0274841437632136,1.2646396222,2.9655797101449277,1.0860368605
2023-03-15 11:50:00,ADAUSDT,202206820.0,67658401.972,3.051875498802873,1.2695983885,2.985771012574454,0.9678492178
2023-03-15 11:55:00,ADAUSDT,203284553.0,68387125.20090899,3.0309933774834437,1.2777494995,2.9816437903092443,1.9313317098
2023-03-15 12:00:00,ADAUSDT,203208991.0,68511202.1162714,3.0428305400372437,1.2736649844,3.0356242648294405,1.1150526452
2023-03-15 12:05:00,ADAUSDT,203250093.0,68433759.57034983,3.0600961538461537,1.2736638321,3.0433467741935485,0.939705649
2023-03-15 12:10:00,ADAUSDT,203574405.0,68265724.8878775,3.057928457020822,1.2705414139,3.030774376986118,0.7157785306
2023-03-15 12:15:00,ADAUSDT,203317312.0,68053197.53174976,3.059294871794872,1.2700733976,3.0232014688699715,0.9725859196
2023-03-15 12:20:00,ADAUSDT,203108976.0,67766564.43245807,3.0514941302027747,1.2648378692,3.0064848686398404,0.8695287086
2023-03-15 12:25:00,ADAUSDT,203244188.0,68036331.35079396,3.0490143846563664,1.2659600974,3.0113107119095144,1.1768268842
2023-03-15 12:30:00,ADAUSDT,203047528.0,68022582.80877905,3.0546958377801494,1.2660389959,3.01313164893617,0.9667027091
2023-03-15 12:35:00,ADAUSDT,204726506.0,69103329.55908339,3.1634960022056795,1.2596950771,3.15036547163244,1.0028486894
2023-03-15 12:40:00,ADAUSDT,204838942.0,68689480.21213278,3.123336049986417,1.2577718505,3.100068306010929,0.8781167043
2023-03-15 12:45:00,ADAUSDT,204818777.0,68249907.44977815,3.079828556121082,1.2547104336,3.006964019233958,0.8059301436
2023-03-15 12:50:00,ADAUSDT,204824887.0,68042706.61471666,3.086396565602361,1.2603114579,3.010835139189865,0.9922571426
2023-03-15 12:55:00,ADAUSDT,204772609.0,68312142.3624,3.165112452002194,1.2661642763,3.0841836734693877,1.0037379142
2023-03-15 13:00:00,ADAUSDT,204896694.0,68515235.44240399,3.1633825944170773,1.2652075924,3.084561938654465,1.0101398424
2023-03-15 13:05:00,ADAUSDT,205460975.0,68704859.745077,3.1700382722799345,1.2686193282,3.0893098782138027,1.0711779839
2023-03-15 13:10:00,ADAUSDT,205065108.0,68559499.5836832,3.175923392612859,1.2714117879,3.087103308575287,0.8080268416
2023-03-15 13:15:00,ADAUSDT,204403841.0,68986296.3375,3.2020982882385423,1.2714957488,3.154390201828532,1.3385469681
2023-03-15 13:20:00,ADAUSDT,205217639.0,69427914.12923762,3.2239178690344064,1.2700619495,3.171111880845168,0.9530372605
2023-03-15 13:25:00,ADAUSDT,205910209.0,69626010.65508556,3.224133148404993,1.2721803607,3.1752380952380954,0.971923829
2023-03-15 13:30:00,ADAUSDT,206379349.0,69682722.08444063,3.22669256381798,1.2685719367,3.171073094867807,1.2366009904
2023-03-15 13:35:00,ADAUSDT,205766473.0,69487337.9321,3.2113259668508287,1.2641260577,3.15494411006019,0.8045483229
2023-03-15 13:40:00,ADAUSDT,205637183.0,69079816.0983843,3.165122615803815,1.2594060489,3.1253410641200547,0.7789740361
2023-03-15 13:45:00,ADAUSDT,205518871.0,69218755.7528,3.1090225563909772,1.2554416664,3.091047297297297,1.1436144642
2023-03-15 13:50:00,ADAUSDT,205511094.0,69175034.2404,3.113410373555496,1.2552370731,3.0849056603773586,0.8849766959
2023-03-15 13:55:00,ADAUSDT,204767124.0,68781276.9516,3.0863636363636364,1.2498567082,3.0609060402684563,0.9402558482
2023-03-15 14:00:00,ADAUSDT,204502033.0,68242328.4121,3.0864329676210867,1.2496158475,3.0534965621331542,0.7821643116
2023-03-15 14:05:00,ADAUSDT,204693324.0,68429045.76199692,3.0877474585339755,1.2475817735,3.054615513486346,0.99900031
2023-03-15 14:10:00,ADAUSDT,204611346.0,68710773.44942136,3.096453519613111,1.2494342575,3.0558162923231644,0.9416171982
2023-03-15 14:15:00,ADAUSDT,204539548.0,68565947.72931704,3.098682441516537,1.2470305932,3.057650410591587,0.9834160243
2023-03-15 14:20:00,ADAUSDT,204835187.0,68804139.3133,3.098360655737705,1.2435744374,3.059463986599665,0.8611880231
2023-03-15 14:25:00,ADAUSDT,205133445.0,68865830.88454574,3.0846050870147255,1.2444575421,3.0438187270909696,0.7730343684
2023-03-15 14:30:00,ADAUSDT,205082279.0,68451169.50575621,3.081883864062082,1.2402832768,3.0448333333333335,0.7467998912
2023-03-15 14:35:00,ADAUSDT,204778517.0,67905979.44789314,3.0963142319074524,1.2353570914,3.0708754208754208,0.7705449334
2023-03-15 14:40:00,ADAUSDT,205308853.0,67977761.2283,3.0817256162915325,1.2329189191,3.0686406460296096,0.8017169657
2023-03-15 14:45:00,ADAUSDT,205121672.0,67423493.5864,3.1315645514223194,1.2269238303,3.0861802575107298,0.822573703
2023-03-15 14:50:00,ADAUSDT,205567433.0,67837252.89,3.1553664562174033,1.2309502397,3.1219806763285023,0.9153886181
2023-03-15 14:55:00,ADAUSDT,204891496.0,67860063.4752,3.1474376541518225,1.230152783,3.111092003439381,0.9087666693
2023-03-15 15:00:00,ADAUSDT,204985962.0,67972797.68668146,3.1799613579906154,1.2331937208,3.1335403726708075,0.8439547048
2023-03-15 15:05:00,ADAUSDT,205702373.0,68046344.9884,3.1502463054187193,1.2316302486,3.094864357618154,0.993772985
2023-03-15 15:10:00,ADAUSDT,206151975.0,67885845.3675,3.160812294182217,1.2352087821,3.0981396142686464,0.9179628429
2023-03-15 15:15:00,ADAUSDT,205997773.0,68102863.7538,3.1318082788671022,1.238771374,3.0786707358426586,1.127441292
2023-03-15 15:20:00,ADAUSDT,206334815.0,68482525.0985,3.122521054061397,1.2436433186,3.064608636977058,1.2036470787
2023-03-15 15:25:00,ADAUSDT,206670405.0,68035897.326,3.138881309686221,1.2472029102,3.069402228976697,0.821492277
2023-03-15 15:30:00,ADAUSDT,207622155.0,68183115.702,3.1319160534205506,1.2408567524,3.0699797160243407,0.8370788166
2023-03-15 15:35:00,ADAUSDT,207709720.0,67835252.783696,3.129781420765027,1.2347914905,3.0436769933976637,0.76569579
2023-03-15 15:40:00,ADAUSDT,208494007.0,67647742.42263252,3.1458103638368247,1.2423656245,3.044505306401917,0.8503916713
2023-03-15 15:45:00,ADAUSDT,209313712.0,68185854.81132768,3.1513394090030378,1.2438134424,3.058884120171674,1.0396500574
2023-03-15 15:50:00,ADAUSDT,209683439.0,68776167.992,3.1511467256148107,1.2413869317,3.058217413704276,0.9831409138
2023-03-15 15:55:00,ADAUSDT,210405263.0,68272977.24318686,3.1543141592920354,1.2393356166,3.0532006178136264,0.7386032862
2023-03-15 16:00:00,ADAUSDT,211227834.0,69077678.01986615,3.134837644468905,1.2351997046,3.04361210877373,0.9460362936
2023-03-15 16:05:00,ADAUSDT,212606557.0,68778221.1895,3.120220082530949,1.2399107315,3.023231978134609,1.0372639067
2023-03-15 16:10:00,ADAUSDT,212847554.0,69039643.41121922,3.13646408839779,1.2334814972,3.0330083803659997,1.2767546377
2023-03-15 16:15:00,ADAUSDT,211144996.0,68313161.56170309,3.153098082800778,1.222458422,3.0334247514569763,1.1177141249
2023-03-15 16:20:00,ADAUSDT,209112977.0,67768281.74788569,3.1649025069637884,1.2157241542,3.0566948130277445,1.3555397601
2023-03-15 16:25:00,ADAUSDT,205798393.0,66390561.5818,3.2107193229901267,1.2047950373,3.0978507775642146,1.2443086072
2023-03-15 16:30:00,ADAUSDT,203654144.0,65497203.14221568,3.234826999432785,1.2018250316,3.115222728867064,1.5293442658
2023-03-15 16:35:00,ADAUSDT,201275240.0,64891137.376,3.2477246871444825,1.1889498056,3.11689449702068,1.3942963724
2023-03-15 16:40:00,ADAUSDT,198501795.0,63361772.964,3.2547008547008547,1.1793404967,3.1274787535410766,0.8847292491
2023-03-15 16:45:00,ADAUSDT,197047846.0,62483871.9666,3.359942363112392,1.1629756895,3.1883384010016096,1.257983209
2023-03-15 16:50:00,ADAUSDT,196472433.0,62714000.6136,3.3999418266433974,1.1634486173,3.2163279985614097,1.2013024437
2023-03-15 16:55:00,ADAUSDT,196024779.0,62375084.6778,3.4290313140181445,1.1654789001,3.2231404958677685,0.9889974299
2023-03-15 17:00:00,ADAUSDT,195761768.0,62043753.98346232,3.417251461988304,1.1635884934,3.2002145155523776,0.8545822324
2023-03-15 17:05:00,ADAUSDT,196952506.0,62630896.908,3.382898550724638,1.1621534046,3.1610394201873784,0.8761844568
2023-03-15 17:10:00,ADAUSDT,197170058.0,63114135.5658,3.4098599766627773,1.1613771896,3.191137213027229,0.8672961249
2023-03-15 17:15:00,ADAUSDT,196608681.0,63150708.3372,3.4075801749271135,1.1602963903,3.197757208971164,0.8695541302
2023-03-15 17:20:00,ADAUSDT,196657451.0,63009047.3004,3.4246855805791165,1.1560195304,3.2141965400392367,0.74340989
2023-03-15 17:25:00,ADAUSDT,196549094.0,62949998.90525374,3.4219754529514903,1.152248433,3.2208534190323155,0.7631401413
2023-03-15 17:30:00,ADAUSDT,196416580.0,63139649.5469872,3.414940180916253,1.1480541267,3.226394849785408,0.8660855897
2023-03-15 17:35:00,ADAUSDT,196212169.0,63082212.3335,3.420099328074788,1.1448096572,3.229669347631814,1.1218544704
2023-03-15 17:40:00,ADAUSDT,196073278.0,63061044.53423884,3.4185639229422065,1.1442291705,3.243461125044787,0.8571173839
2023-03-15 17:45:00,ADAUSDT,196334022.0,62885787.2466,3.4150393471291167,1.1306143172,3.2328987319164137,0.6741414146
2023-03-15 17:50:00,ADAUSDT,196402687.0,62868500.1087,3.416326530612245,1.1295290984,3.234989278055754,1.0985122297
2023-03-15 17:55:00,ADAUSDT,196722745.0,63308367.55949655,3.415330807344797,1.129053226,3.2430257510729614,0.9258031365
2023-03-15 18:00:00,ADAUSDT,196528598.0,63428921.08497896,3.407752841737103,1.1254537778,3.2706413730803976,1.1835251344
2023-03-15 18:05:00,ADAUSDT,196526147.0,63163503.6458,3.4246855805791165,1.1266526547,3.2718078381795195,0.854188478
2023-03-15 18:10:00,ADAUSDT,196895008.0,63203297.568,3.433674963396779,1.1267737127,3.276864728192162,1.1120821541
2023-03-15 18:15:00,ADAUSDT,196904353.0,63130556.08457502,3.4359800761793142,1.1245163158,3.27004143397586,0.7353693326
2023-03-15 18:20:00,ADAUSDT,197351733.0,63393232.89246282,3.4380310577204805,1.1239278834,3.2763347763347763,1.0879780737
2023-03-15 18:25:00,ADAUSDT,197530536.0,63668822.6091372,3.429824561403509,1.1223837876,3.2791914816820067,1.1567374245
2023-03-15 18:30:00,ADAUSDT,197147548.0,63912971.80774896,3.4216374269005847,1.1218105095,3.292846768336964,0.8767442125
2023-03-15 18:35:00,ADAUSDT,196893181.0,63990283.825,3.419713366481427,1.1186404986,3.3103574033552152,1.0817405763
2023-03-15 18:40:00,ADAUSDT,196555018.0,63744671.40337208,3.418638621092609,1.1189980837,3.31153215521953,0.8413729284
2023-03-15 18:45:00,ADAUSDT,196671219.0,63997361.40858882,3.402037845705968,1.1167287273,3.3163656267104544,1.184322849
2023-03-15 18:50:00,ADAUSDT,197309238.0,64162089.40200234,3.395065312046444,1.1167309362,3.3106707871296126,1.0425527578
2023-03-15 18:55:00,ADAUSDT,197131721.0,64146662.0134,3.3995347484733935,1.1155487609,3.3068677325581395,0.9006385938
2023-03-15 19:00:00,ADAUSDT,197052897.0,64456505.09358735,3.3870687155697303,1.1152801391,3.3185550082101805,1.0112986123
2023-03-15 19:05:00,ADAUSDT,196788024.0,64034823.0096,3.3995937318630296,1.1149435292,3.324220885729907,0.6317988575
2023-03-15 19:10:00,ADAUSDT,196687792.0,63985555.92832928,3.408139534883721,1.1162280181,3.3136008716179406,0.6359251223
2023-03-15 19:15:00,ADAUSDT,197079982.0,64248074.132,3.3975623911781776,1.1155055824,3.303513219847882,0.9659458374
2023-03-15 19:20:00,ADAUSDT,197236027.0,64398708.75681687,3.4036004645760745,1.1157565698,3.303057716663651,0.8556115016
2023-03-15 19:25:00,ADAUSDT,197097819.0,64628374.8501,3.3744950952106176,1.1189091555,3.302102210945995,0.9866187576
2023-03-15 19:30:00,ADAUSDT,196790423.0,64691968.58155305,3.3801676785198036,1.1208415449,3.312488638429377,0.8366135344
2023-03-15 19:35:00,ADAUSDT,196751276.0,64613119.0384,3.377314814814815,1.1155026717,3.3127841425713767,0.6780121409
2023-03-15 19:40:00,ADAUSDT,196603217.0,64247074.67085699,3.377533294730747,1.113336204,3.305050872093023,0.6279645568
2023-03-15 19:45:00,ADAUSDT,196641274.0,64002426.27668666,3.358582949308756,1.1150188517,3.2656362329259525,1.1267801827
2023-03-15 19:50:00,ADAUSDT,196887791.0,64086975.9705,3.35365152386429,1.1140058107,3.2654454022988504,0.9491023406
2023-03-15 19:55:00,ADAUSDT,197068064.0,64066827.6064,3.3082172305942565,1.112059602,3.1955524179315216,0.7967182571
2023-03-15 20:00:00,ADAUSDT,196599142.0,64307579.3482,3.2927174837064324,1.1137760804,3.1930876388643976,1.3539305362
2023-03-15 20:05:00,ADAUSDT,196410442.0,64085215.40589704,3.3132290184921764,1.1138492303,3.1948898678414097,0.8224718626
2023-03-15 20:10:00,ADAUSDT,195571150.0,63582287.1662855,3.290158371040724,1.1114301126,3.1713084603258013,0.6623579446
2023-03-15 20:15:00,ADAUSDT,195377132.0,63490397.5592556,3.318803418803419,1.1124378966,3.2047021389429027,0.494483139
2023-03-15 20:20:00,ADAUSDT,195223573.0,63564795.3688,3.3070150525418915,1.1149552749,3.196507320515082,1.078425161
2023-03-15 20:25:00,ADAUSDT,195297114.0,63627799.7412,3.3057921635434413,1.1150466758,3.1909459221419763,1.0668045362
2023-03-15 20:30:00,ADAUSDT,195362690.0,63707773.209,3.3116292294569236,1.1142995948,3.1901073754620666,1.2154568508
2023-03-15 20:35:00,ADAUSDT,194816632.0,63542894.72935272,3.313424345847554,1.1141589645,3.1935540683339205,0.9775863203
2023-03-15 20:40:00,ADAUSDT,194651959.0,63884772.9438,3.3288571428571427,1.1169991228,3.212260807937633,1.3511610062
2023-03-15 20:45:00,ADAUSDT,194400125.0,63745325.08448,3.3204908675799087,1.1188752677,3.2036087033433573,0.7126003594
2023-03-15 20:50:00,ADAUSDT,194005007.0,63446212.11868723,3.333237986270023,1.1232656906,3.2057678697806087,1.0223477111
2023-03-15 20:55:00,ADAUSDT,193927066.0,63282379.07992366,3.314082503556188,1.1233393341,3.1728849185496584,0.9498913615
2023-03-15 21:00:00,ADAUSDT,193950595.0,63189984.3867013,3.301560283687943,1.1218272633,3.1728849185496584,0.7317919411
2023-03-15 21:05:00,ADAUSDT,194055132.0,63179045.51189112,3.302978723404255,1.1206505772,3.1700489853044087,0.908652647
2023-03-15 21:10:00,ADAUSDT,194325278.0,63369473.1558,3.30468085106383,1.1200505268,3.175450884258449,1.0246717038
2023-03-15 21:15:00,ADAUSDT,194100742.0,63199201.5952,3.317003702648818,1.1200333476,3.199364855328158,0.9561639978
2023-03-15 21:20:00,ADAUSDT,194234415.0,63377166.8166864,3.309354563548479,1.1156389595,3.1980250396755423,0.9888569632
2023-03-15 21:25:00,ADAUSDT,194154387.0,63301222.6427385,3.313692001138628,1.1155266608,3.1981315000881367,1.2065148668
2023-03-15 21:30:00,ADAUSDT,194086014.0,63072335.7598947,3.316628701594533,1.1169092455,3.196545037898819,0.8398612656
2023-03-15 21:35:00,ADAUSDT,194033252.0,63213604.20528496,3.3170940170940173,1.1157724636,3.194082423388517,1.8145213695
2023-03-15 21:40:00,ADAUSDT,194060947.0,63269215.10108985,3.3216424294268605,1.1167477609,3.1952078928823116,0.8596336879
2023-03-15 21:45:00,ADAUSDT,193992828.0,63222262.6452,3.321927573424579,1.1167417257,3.194963015146178,0.7444714757
2023-03-15 21:50:00,ADAUSDT,194067620.0,63088549.874748,3.3238231098430813,1.1177040615,3.1972872996300863,0.3259206453
2023-03-15 21:55:00,ADAUSDT,193924590.0,63085447.4154903,3.3188942718723284,1.1162416991,3.192679922576104,2.2727908138
2023-03-15 22:00:00,ADAUSDT,193797939.0,62990770.08051297,3.323160296634341,1.1174718312,3.1920168806048883,0.9348229194
2023-03-15 22:05:00,ADAUSDT,193059863.0,62913906.04735373,3.3145459721036152,1.1155631147,3.188367597961694,1.0028335833
2023-03-15 22:10:00,ADAUSDT,192642949.0,62820846.4046051,3.330380108602458,1.1177618259,3.198942731277533,0.9254739178
2023-03-15 22:15:00,ADAUSDT,192582838.0,62815809.25355414,3.338294218660561,1.1190449838,3.2086864406779663,1.1531413599
2023-03-15 22:20:00,ADAUSDT,192247879.0,62631965.49210645,3.3218358038768527,1.1181137166,3.201833245196545,0.7908273958
2023-03-15 22:25:00,ADAUSDT,192497330.0,62591838.9310236,3.3393419170243206,1.11168251,3.220332979100248,0.697874373
2023-03-15 22:30:00,ADAUSDT,192004097.0,62281530.56867685,3.3346681922196795,1.1149295346,3.207810567238028,0.8858659817
2023-03-15 22:35:00,ADAUSDT,191490357.0,61862221.75030263,3.34625322997416,1.1138253615,3.2021935255616487,0.6430416143
2023-03-15 22:40:00,ADAUSDT,191229517.0,61633273.3291,3.339936836060867,1.1170859433,3.1940166401132943,0.8697743494
2023-03-15 22:45:00,ADAUSDT,191129475.0,61782709.826256,3.341743119266055,1.1167459721,3.196321188539087,0.9979952097
2023-03-15 22:50:00,ADAUSDT,190973565.0,61608072.069,3.3535324526134405,1.1172555035,3.197207987276904,0.7949497545
2023-03-15 22:55:00,ADAUSDT,190775735.0,61545600.89544645,3.3445113212955,1.1189796428,3.19008993122906,0.9304124476
2023-03-15 23:00:00,ADAUSDT,190506853.0,61286054.6101,3.3421127970226165,1.1189532917,3.18612431766156,0.9808193152
2023-03-15 23:05:00,ADAUSDT,190371048.0,61459916.46412296,3.361598160390917,1.1209268831,3.193724660673365,1.1830762298
2023-03-15 23:10:00,ADAUSDT,190096700.0,61369843.431929,3.3628522139160437,1.120196062,3.2016598975807877,0.8395236994
2023-03-15 23:15:00,ADAUSDT,189961376.0,61208081.8335008,3.3607358436332277,1.1218679557,3.1977421061915683,0.9683151951
2023-03-15 23:20:00,ADAUSDT,189828217.0,61283731.54733128,3.3535150645624103,1.1237046143,3.193588162762022,0.8532581222
2023-03-15 23:25:00,ADAUSDT,189671007.0,61417698.80422218,3.3468042419031243,1.1235924414,3.1921789677646646,1.1663695828
2023-03-15 23:30:00,ADAUSDT,189414842.0,61218876.9344,3.3510180671063954,1.1228010007,3.192463461877091,0.83953869
2023-03-15 23:35:00,ADAUSDT,189288363.0,61329387.96856014,3.3445017182130585,1.1203557723,3.19954128440367,1.0122036451
2023-03-15 23:40:00,ADAUSDT,189256335.0,61110098.4056532,3.349097162510748,1.1211066159,3.203353927625772,1.0967224625
2023-03-15 23:45:00,ADAUSDT,189545584.0,61166359.9568,3.3441168050386487,1.1225571379,3.196969696969697,1.1973512864
2023-03-15 23:50:00,ADAUSDT,189704194.0,61331365.9202,3.333047700656955,1.1187344951,3.1907778951073564,1.0711234394
2023-03-15 23:55:00,ADAUSDT,189805172.0,61417806.68944824,3.3256344453949245,1.1190474382,3.1856540084388185,1.0084608656
