create_time,symbol,sum_open_interest,sum_open_interest_value,count_toptrader_long_short_ratio,sum_toptrader_long_short_ratio,count_long_short_ratio,sum_taker_long_short_vol_ratio
2022-06-20 00:00:00,XRPUSDT,205650001.7,67062465.55437,2.115187969924812,1.3951383634,2.3507914793824507,0.8840410033
2022-06-20 00:05:00,XRPUSDT,205485400.9,67179825.00692911,2.118337850045167,1.3940316992,2.358949225642031,1.1541193227
2022-06-20 00:10:00,XRPUSDT,205729955.0,67191403.303,2.0997908574843143,1.3916533573,2.348673946957878,1.5361617795
2022-06-20 00:15:00,XRPUSDT,205611715.2,66700440.41088,2.0945704057279237,1.3923917623,2.337351740229438,0.7509545471
2022-06-20 00:20:00,XRPUSDT,206169628.8,67356310.45891277,2.0692512577685704,1.3920943971,2.313176197836167,1.4171802732
2022-06-20 00:25:00,XRPUSDT,207266723.6,67521889.91133939,2.0678866587957496,1.3889488799,2.3118735543562066,0.5112383747
2022-06-20 00:30:00,XRPUSDT,206230385.7,67197954.20369872,2.0522760646108664,1.3885303189,2.3013830195927776,2.1312370997
2022-06-20 00:35:00,XRPUSDT,206159586.9,66592626.59292829,2.0690672963400236,1.390467084,2.306905864197531,0.9909596614
2022-06-20 00:40:00,XRPUSDT,206556771.6,66449313.42372,2.1448880822746523,1.3944763086,2.3450773145429635,0.9768405839
2022-06-20 00:45:00,XRPUSDT,206744251.3,66323555.81704,2.146747352496218,1.3946854945,2.342388118037913,0.9621522193
2022-06-20 00:50:00,XRPUSDT,207705061.5,66794398.09889897,2.1237608891559026,1.3944182791,2.320007762468465,1.9075938931
2022-06-20 00:55:00,XRPUSDT,207881037.1,66729812.9091,2.132871346791202,1.3993982994,2.3231008354381193,1.1111308567
2022-06-20 01:00:00,XRPUSDT,208312348.2,66851713.35613551,2.123160108140582,1.3989517035,2.312113003095975,1.6077668471
2022-06-20 01:05:00,XRPUSDT,209279293.0,67295495.77507482,2.1150044923629827,1.3996306466,2.306949806949807,1.2931685111
2022-06-20 01:10:00,XRPUSDT,209763641.6,67337894.21096672,2.1020286396181382,1.3999053197,2.299191374663073,1.3321772387
2022-06-20 01:15:00,XRPUSDT,209992023.9,67239446.05278,2.098385167464115,1.3994939356,2.2820809248554914,0.9624485829
2022-06-20 01:20:00,XRPUSDT,210446197.4,67508962.00777692,2.241794640168624,1.4210515357,2.2611940298507465,1.3281820986
2022-06-20 01:25:00,XRPUSDT,210832190.5,67593635.16977438,2.241119807344973,1.4188929644,2.2555343511450383,1.0780937414
2022-06-20 01:30:00,XRPUSDT,210860363.5,67644004.6108,2.239326518340349,1.4195959353,2.245630699088146,1.5342671702
2022-06-20 01:35:00,XRPUSDT,211494352.7,67910836.65197,2.239326518340349,1.4188196249,2.243402316309094,1.5502637026
2022-06-20 01:40:00,XRPUSDT,211256574.0,67570717.29080082,2.2571082879612825,1.4199566698,2.254192073170732,0.6274261189
2022-06-20 01:45:00,XRPUSDT,211563603.5,67383007.71475,2.256969696969697,1.4180727759,2.247806180847005,0.9190248354
2022-06-20 01:50:00,XRPUSDT,212999609.7,67712575.92363,2.253785584494246,1.4144809871,2.2383942161339423,0.9200447466
2022-06-20 01:55:00,XRPUSDT,213002641.1,67926542.24679,2.251744009705793,1.4162323483,2.2258493072689314,1.1914573369
2022-06-20 02:00:00,XRPUSDT,213345027.4,68014394.73512,2.2545509708737863,1.4183689412,2.2270054997155317,1.1369433754
2022-06-20 02:05:00,XRPUSDT,214065191.4,68484472.41694643,2.23854041013269,1.4167692576,2.226944971537002,1.5566721755
2022-06-20 02:10:00,XRPUSDT,213847208.0,68655470.77368943,2.2780323861900396,1.4194783991,2.2661026725629685,1.0588199342
2022-06-20 02:15:00,XRPUSDT,213818521.9,68464690.71238,2.2720901889092016,1.4177328909,2.260586319218241,1.1534534944
2022-06-20 02:20:00,XRPUSDT,213564665.1,68169841.09992,2.2730874733313016,1.417939481,2.257842387146136,1.0935528788
2022-06-20 02:25:00,XRPUSDT,213538646.8,67982454.00780766,2.2772519083969467,1.4170455438,2.2639447958596897,0.9427502037
2022-06-20 02:30:00,XRPUSDT,213692419.4,67590912.25622,2.2745638200183653,1.4155061678,2.2655105973025047,0.9902446976
2022-06-20 02:35:00,XRPUSDT,213906855.6,67787082.53964,2.2594397076735686,1.4167389814,2.2579777008842754,1.2653594082
2022-06-20 02:40:00,XRPUSDT,213992324.3,67734748.59935254,2.258604934511118,1.4164836847,2.2585047088218335,0.8814439038
2022-06-20 02:45:00,XRPUSDT,214019441.8,67929770.82732,2.2615995115995116,1.4190856699,2.260242354298904,0.9249274722
2022-06-20 02:50:00,XRPUSDT,214522236.1,68218071.0798,2.2536540803897687,1.4183198984,2.2617307692307693,1.3854402002
2022-06-20 02:55:00,XRPUSDT,214657786.3,68347039.15792,2.253958587088916,1.416523245,2.2605187319884728,1.1533803715
2022-06-20 03:00:00,XRPUSDT,214542086.1,68461364.4226852,2.253045066991474,1.4176087773,2.2580149740833173,1.1544103897
2022-06-20 03:05:00,XRPUSDT,214536718.0,68340154.48540962,2.2289592760180996,1.4162025412,2.239374880884315,0.896983712
2022-06-20 03:10:00,XRPUSDT,214522362.9,68418331.55916546,2.223359422034919,1.4167066546,2.2320410490307867,1.6365230853
2022-06-20 03:15:00,XRPUSDT,214532204.5,68414320.01505,2.2261367058115025,1.4166428014,2.230652503793627,1.2331159349
2022-06-20 03:20:00,XRPUSDT,213999656.5,68168648.9795864,2.2559270516717325,1.417439357,2.2504772814051166,0.6225716065
2022-06-20 03:25:00,XRPUSDT,213675980.0,68172441.0739624,2.252657151533556,1.4171588787,2.2466641250476553,1.117292364
2022-06-20 03:30:00,XRPUSDT,212811673.6,68184813.40287182,2.227012360566777,1.4211289486,2.237968423054974,2.051756946
2022-06-20 03:35:00,XRPUSDT,212352502.3,67952800.736,2.2441613588110405,1.4216084321,2.250524709024995,0.3396327362
2022-06-20 03:40:00,XRPUSDT,212352745.9,68053998.94207013,2.2348851269649335,1.4211774658,2.247951210215361,2.2235527543
2022-06-20 03:45:00,XRPUSDT,212458116.8,68241547.11616,2.2367704868460843,1.4209417652,2.2454303122619956,1.7980604745
2022-06-20 03:50:00,XRPUSDT,212018011.3,67633745.6047,2.281508739650414,1.4184255446,2.2738963531669865,0.7444625154
2022-06-20 03:55:00,XRPUSDT,212444251.9,67537264.10455605,2.300369685767098,1.4161428481,2.2863470055844406,0.8311494934
2022-06-20 04:00:00,XRPUSDT,212415428.2,67521390.67919528,2.303114400246685,1.4151731179,2.2892912172573188,1.3669396707
2022-06-20 04:05:00,XRPUSDT,212504616.9,67533967.25082,2.3131188118811883,1.4154440795,2.297662739038053,1.3992773862
2022-06-20 04:10:00,XRPUSDT,212444391.4,67496060.24938372,2.313773934527486,1.4165786917,2.29655967710936,2.0481884235
2022-06-20 04:15:00,XRPUSDT,212600093.4,67585690.87391324,2.3206437635406996,1.4170718249,2.3078850973587817,1.366077908
2022-06-20 04:20:00,XRPUSDT,213399945.9,67777690.06736663,2.3217821782178216,1.4145370452,2.3120061668915013,0.7986907605
2022-06-20 04:25:00,XRPUSDT,214861293.2,67982113.16848,2.339035769828927,1.41358536,2.3235750290810393,1.2013988122
2022-06-20 04:30:00,XRPUSDT,215321599.6,68462394.02424234,2.347243849268141,1.4092706578,2.3299709020368575,0.9263205877
2022-06-20 04:35:00,XRPUSDT,215617466.9,68730935.28668477,2.360425132854017,1.4073898278,2.3441507967353283,1.0142140102
2022-06-20 04:40:00,XRPUSDT,215345976.5,68653686.28974843,2.3742158092848182,1.4072339986,2.3531243916682887,0.788209427
2022-06-20 04:45:00,XRPUSDT,215120674.4,68542637.72571327,2.3763339610797236,1.4108616855,2.3440714147098776,1.5398509129
2022-06-20 04:50:00,XRPUSDT,215084215.7,68334672.87447447,2.3820754716981134,1.4101835439,2.339918651946543,0.635423814
2022-06-20 04:55:00,XRPUSDT,214932146.7,68154983.71857,2.383695310040919,1.4092764895,2.339078233927188,0.7150637463
2022-06-20 05:00:00,XRPUSDT,214828848.1,67799984.46036,2.3640350877192984,1.4077628497,2.330556093780275,1.6778778204
2022-06-20 05:05:00,XRPUSDT,214628518.7,67715297.64985,2.367021276595745,1.4072444708,2.328505214368482,0.6286414449
2022-06-20 05:10:00,XRPUSDT,214450875.9,67787921.87199,2.373040752351097,1.4091877779,2.3357833655705997,0.6362745498
2022-06-20 05:15:00,XRPUSDT,214578900.4,67764016.74632,2.3787260746783807,1.4098846833,2.337521747535279,0.5008905213
2022-06-20 05:20:00,XRPUSDT,214069763.2,67260719.59744,2.411764705882353,1.4112361546,2.3586530931871574,0.965620787
2022-06-20 05:25:00,XRPUSDT,214431419.8,67334069.01463637,2.363125,1.4117785034,2.315263360246059,1.5357728857
2022-06-20 05:30:00,XRPUSDT,214767688.3,67458530.89503,2.370811149389289,1.4109603508,2.311119646629537,0.616124994
2022-06-20 05:35:00,XRPUSDT,214922542.8,67630428.7717758,2.3519152911865464,1.4102755369,2.296600458365164,1.3767825931
2022-06-20 05:40:00,XRPUSDT,215567665.2,68076268.67016,2.3447204968944098,1.4092505326,2.298131910026687,0.759102847
2022-06-20 05:45:00,XRPUSDT,215568677.3,68151410.02354406,2.3396284829721363,1.409844418,2.3042317956538314,1.1348443705
2022-06-20 05:50:00,XRPUSDT,216088647.0,68264108.52672483,2.351024208566108,1.4093631752,2.3078972407231206,0.796970406
2022-06-20 05:55:00,XRPUSDT,216055436.1,68536545.8560625,2.419150285351934,1.4096266564,2.355568445475638,1.3785139013
2022-06-20 06:00:00,XRPUSDT,215845195.0,68595602.971,2.417934093789607,1.4102963229,2.3568528900057992,0.6124940428
2022-06-20 06:05:00,XRPUSDT,215122506.7,68365932.62926,2.4266666666666667,1.410690708,2.3563151796060255,0.5539130904
2022-06-20 06:10:00,XRPUSDT,215421967.6,68396474.713,2.435473617291799,1.4104370321,2.354515694203736,0.5771949826
2022-06-20 06:15:00,XRPUSDT,215537387.5,68519335.48625,2.434699714013346,1.4107664981,2.345416187188339,0.7048047686
2022-06-20 06:20:00,XRPUSDT,214977324.1,68147811.7397,2.4294770206022185,1.4096977003,2.3464415883368503,0.6046435391
2022-06-20 06:25:00,XRPUSDT,214922154.9,67912961.58194189,2.4446212603437303,1.4123293337,2.349194167306216,0.5548041168
2022-06-20 06:30:00,XRPUSDT,214652659.7,67799912.190911,2.437420584498094,1.4116481374,2.34540923902626,1.5446007454
2022-06-20 06:35:00,XRPUSDT,214311607.9,67743899.25719,2.4441964285714284,1.4108564804,2.345290619604834,0.9361082532
2022-06-20 06:40:00,XRPUSDT,214451561.1,67842845.0569466,2.438216560509554,1.4102495245,2.349453080023028,1.0695054201
2022-06-20 06:45:00,XRPUSDT,214407070.1,68012266.10499619,2.4301143583227445,1.4105996609,2.3488863287250386,0.9892172845
2022-06-20 06:50:00,XRPUSDT,213824758.7,67918721.1648671,2.4421421740516416,1.4125995976,2.3607156598691805,0.4119458122
2022-06-20 06:55:00,XRPUSDT,213916786.8,68072572.08631372,2.4476707083599236,1.4138267719,2.360684089162183,1.0186487775
2022-06-20 07:00:00,XRPUSDT,213930585.9,68051740.81804422,2.451293516448419,1.4136272836,2.3577594475350088,0.7642509575
2022-06-20 07:05:00,XRPUSDT,213934117.4,67924082.2745,2.4476707083599236,1.4107316341,2.3531890442443975,0.4572328271
2022-06-20 07:10:00,XRPUSDT,213859047.0,67665002.4708,2.4519322900031937,1.4095482964,2.367449018853405,1.0200733671
2022-06-20 07:15:00,XRPUSDT,213863603.4,67559512.31406,2.45242656449553,1.4092097666,2.3726169844020797,1.0316100693
2022-06-20 07:20:00,XRPUSDT,213571387.1,67445844.04618,2.4551548037025217,1.4073544511,2.378539780389135,0.9873180947
2022-06-20 07:25:00,XRPUSDT,213598088.4,67326117.46368,2.4507177033492824,1.407058596,2.375673595073134,0.9128733249
2022-06-20 07:30:00,XRPUSDT,213522810.9,67451855.96331,2.449122807017544,1.4070318827,2.37788906009245,1.0612658499
2022-06-20 07:35:00,XRPUSDT,213462715.1,67553324.44096664,2.4508615188257816,1.4072893667,2.3863066538090645,1.3413290208
2022-06-20 07:40:00,XRPUSDT,213082852.3,67270256.47111,2.4437719018795794,1.407039557,2.384169884169884,0.9787762972
2022-06-20 07:45:00,XRPUSDT,213341148.8,67479805.36544,2.4308375634517767,1.4046138221,2.371351766513057,1.5289319224
2022-06-20 07:50:00,XRPUSDT,213211901.4,67502374.14255764,2.4279822335025383,1.4048364087,2.365989263803681,1.0524562483
2022-06-20 07:55:00,XRPUSDT,213050179.8,67451686.92468,2.426442612555485,1.405757841,2.363201225349416,0.9568008995
2022-06-20 08:00:00,XRPUSDT,212928511.8,67689973.90122,2.4102240454402017,1.4065720403,2.3546845124282982,0.9872580528
2022-06-20 08:05:00,XRPUSDT,212881817.3,67568688.81102,2.406309148264984,1.4078303592,2.3392925066565233,0.8110609256
2022-06-20 08:10:00,XRPUSDT,213411013.8,67787656.74419792,2.4304278922345484,1.4080255237,2.3525934401220443,0.8576286207
2022-06-20 08:15:00,XRPUSDT,213361311.6,68058575.78416178,2.409090909090909,1.4039904601,2.3743005981092034,0.9588262276
2022-06-20 08:20:00,XRPUSDT,213283126.4,68276439.69876336,2.4125631313131315,1.4047387612,2.3762280870737817,0.9828857015
2022-06-20 08:25:00,XRPUSDT,213940050.6,68451871.35848442,2.40314465408805,1.4011653452,2.3691481197237145,0.6640309483
2022-06-20 08:30:00,XRPUSDT,213427413.0,68503664.42561394,2.401004079071227,1.4044210247,2.362940275650842,1.8548106983
2022-06-20 08:35:00,XRPUSDT,213173607.9,68236871.88879,2.418032786885246,1.4027164317,2.3682296650717705,0.7650214033
2022-06-20 08:40:00,XRPUSDT,213519801.5,68397622.20092879,2.426948564215841,1.4013032401,2.384984639016897,1.431361908
2022-06-20 08:45:00,XRPUSDT,214532093.7,68936784.03109916,2.4311433986102338,1.398288964,2.3935781580465294,1.1791594629
2022-06-20 08:50:00,XRPUSDT,213810795.1,68483597.67053,2.4270833333333335,1.399654456,2.3844086021505375,0.6973059543
2022-06-20 08:55:00,XRPUSDT,213772292.5,68321624.683,2.42753394379539,1.3994475019,2.3837744533947065,0.6417116345
2022-06-20 09:00:00,XRPUSDT,214134528.8,68672943.38616,2.42397476340694,1.398152544,2.387907869481766,0.8508510262
2022-06-20 09:05:00,XRPUSDT,214249017.5,68838209.32275,2.419080604534005,1.3987951396,2.3808522835849417,1.3204935224
2022-06-20 09:10:00,XRPUSDT,214185159.4,68895993.52579345,2.3996241778891325,1.3980032979,2.379277384821258,1.0954918736
2022-06-20 09:15:00,XRPUSDT,213919764.4,69096083.9012,2.3890625,1.3969677823,2.38804535844705,1.2362512013
2022-06-20 09:20:00,XRPUSDT,213519260.8,68678942.11388637,2.4045226130653266,1.3965597737,2.403820181362146,0.5483485286
2022-06-20 09:25:00,XRPUSDT,213167745.9,68746598.05275,2.387308533916849,1.3974144161,2.394463667820069,2.139774938
2022-06-20 09:30:00,XRPUSDT,213374909.6,69048120.74656,2.3740267829336656,1.3946983463,2.3985381804193113,0.9403062346
2022-06-20 09:35:00,XRPUSDT,213057909.6,69022890.22064029,2.3543478260869564,1.392219161,2.389745566692367,1.2152500298
2022-06-20 09:40:00,XRPUSDT,212791418.4,68819891.89563814,2.3548788067122435,1.3899711276,2.3831056378680007,0.8106917623
2022-06-20 09:45:00,XRPUSDT,213020523.4,68819449.8297582,2.3555900621118013,1.390453627,2.379316960859555,1.0499725884
2022-06-20 09:50:00,XRPUSDT,213113799.9,68859502.50728486,2.3485271317829457,1.389617767,2.359252906422718,0.9006788517
2022-06-20 09:55:00,XRPUSDT,212894344.3,68797130.95994835,2.3416976456009913,1.3901210938,2.354507417268924,1.2654697397
2022-06-20 10:00:00,XRPUSDT,213215943.8,68975357.8193,2.3385948622717425,1.3908219637,2.34985754985755,0.595125651
2022-06-20 10:05:00,XRPUSDT,213017627.2,68910710.32848117,2.3283030489682783,1.3913250972,2.331386586284853,0.8385434346
2022-06-20 10:10:00,XRPUSDT,212954125.6,68835136.10243231,2.329842931937173,1.3899570132,2.3362231436110066,1.5425496238
2022-06-20 10:15:00,XRPUSDT,212707525.6,68392767.47560334,2.289321569820505,1.3877924116,2.303551401869159,0.7608643329
2022-06-20 10:20:00,XRPUSDT,212575100.9,68398045.4235275,2.292326431181486,1.387083832,2.306340003740415,1.1494867332
2022-06-20 10:25:00,XRPUSDT,212697060.5,68403374.6568,2.315240723704385,1.3873042355,2.312898387701537,0.6469121341
2022-06-20 10:30:00,XRPUSDT,212917333.0,68452922.5595,2.3229870928088507,1.3886606974,2.3157204421959903,0.9811201074
2022-06-20 10:35:00,XRPUSDT,213168762.9,68533757.27235,2.3188094507517643,1.3918433715,2.31376215407629,0.7824714148
2022-06-20 10:40:00,XRPUSDT,213546907.8,68936330.8272668,2.317290006131208,1.3895514503,2.328826291079812,1.2373577567
2022-06-20 10:45:00,XRPUSDT,213731125.7,69386435.66736674,2.3184049079754603,1.3902908376,2.3436672967863896,1.3394018971
2022-06-20 10:50:00,XRPUSDT,213947769.2,69319077.2208,2.3368226600985222,1.3914738978,2.344345856144988,0.8004162421
2022-06-20 10:55:00,XRPUSDT,214239918.1,69960085.96113944,2.325046040515654,1.3934509324,2.359505703422053,1.7957920699
2022-06-20 11:00:00,XRPUSDT,214817478.5,70309760.71305,2.3288467421229733,1.3917512511,2.379192073170732,1.3699791785
2022-06-20 11:05:00,XRPUSDT,214630463.9,70036231.9406662,2.372876119864072,1.391402271,2.4034383954154728,0.6712984625
2022-06-20 11:10:00,XRPUSDT,214531272.1,69859015.21842133,2.3707587908698335,1.3921002791,2.4008382549056964,1.0533216075
2022-06-20 11:15:00,XRPUSDT,214342230.5,69811264.47385,2.3750386160024712,1.3940747483,2.3998476770754,0.933557258
2022-06-20 11:20:00,XRPUSDT,213866632.5,69363766.9879941,2.389009624340267,1.3961340167,2.4041618938526157,0.4668872195
2022-06-20 11:25:00,XRPUSDT,213486162.7,69404351.49377,2.392657125077785,1.3975036697,2.4054621848739495,0.8106768838
2022-06-20 11:30:00,XRPUSDT,213776923.9,69648521.80662,2.36604938271605,1.3924947098,2.407598319969454,0.8240758302
2022-06-20 11:35:00,XRPUSDT,213343774.0,69336726.55,2.380037197768134,1.3965317764,2.4106870229007633,1.119584203
2022-06-20 11:40:00,XRPUSDT,213514247.6,69648347.56712,2.3779771110423753,1.3951646672,2.415648854961832,1.164356731
2022-06-20 11:45:00,XRPUSDT,213539880.2,69906343.44739021,2.394835096453018,1.3984672549,2.4222307250813087,1.3429134091
2022-06-20 11:50:00,XRPUSDT,213600466.4,70125033.11912,2.3824441687344913,1.3986224718,2.4191880505553427,0.9614894252
2022-06-20 11:55:00,XRPUSDT,213291088.0,69879031.99724992,2.371870170015456,1.3969753477,2.4220218684059085,0.9281900807
2022-06-20 12:00:00,XRPUSDT,212832292.8,69511026.82848,2.374729018271911,1.3970281279,2.4174813110983324,0.6588684144
2022-06-20 12:05:00,XRPUSDT,212267478.8,68950855.75197794,2.379074821484011,1.3992007224,2.414620107444359,0.5581750503
2022-06-20 12:10:00,XRPUSDT,211544340.1,68685242.3337175,2.369497830130192,1.4036232816,2.405896994064714,1.5041581698
2022-06-20 12:15:00,XRPUSDT,211378374.9,68507731.30509,2.3814561294337273,1.4014208505,2.4122722914669223,0.5765328297
2022-06-20 12:20:00,XRPUSDT,211265427.9,68323239.38286,2.377217553688142,1.4037123123,2.394061302681992,0.9701941218
2022-06-20 12:25:00,XRPUSDT,210874462.4,68275944.43464334,2.372475924200062,1.4058090448,2.383676582761251,1.243751987
2022-06-20 12:30:00,XRPUSDT,211054789.3,68044422.8634618,2.3711885500933416,1.4049622204,2.378337147215866,0.8066846283
2022-06-20 12:35:00,XRPUSDT,210980628.4,67935762.3448,2.36796267496112,1.407031683,2.368080654365608,1.0069521905
2022-06-20 12:40:00,XRPUSDT,210962078.3,67950885.42043,2.356699751861042,1.4082770362,2.355884025014213,1.7113962401
2022-06-20 12:45:00,XRPUSDT,210766949.0,67932470.26875767,2.3471406491499227,1.4082382146,2.351928895612708,0.8496202793
2022-06-20 12:50:00,XRPUSDT,211400962.0,68404383.380593,2.330159705159705,1.4072476336,2.3551984877126655,2.1264013751
2022-06-20 12:55:00,XRPUSDT,211544199.6,68519166.25044,2.344231955582974,1.407076453,2.3713040181956027,0.8549045453
2022-06-20 13:00:00,XRPUSDT,211544790.0,68547636.7885272,2.332,1.4059209193,2.357978121463599,1.0769059444
2022-06-20 13:05:00,XRPUSDT,211703525.7,68486090.56395,2.3308710372422285,1.4045896402,2.3455536755029143,0.9223294296
2022-06-20 13:10:00,XRPUSDT,211831287.5,68448410.55432539,2.333641120344722,1.4036620028,2.3383289621581116,1.1800711577
2022-06-20 13:15:00,XRPUSDT,211831378.5,68463901.5312,2.335388409371147,1.4022619068,2.334831460674158,1.246031584
2022-06-20 13:20:00,XRPUSDT,211738893.7,68476358.22258,2.331486611265005,1.402249379,2.3364538475940835,0.8519524458
2022-06-20 13:25:00,XRPUSDT,211627745.3,68440412.83002,2.328518746158574,1.402792505,2.3319005793309664,0.7136019587
2022-06-20 13:30:00,XRPUSDT,211682939.1,68719568.15862381,2.3329234552720566,1.4009668899,2.3406367041198504,1.5237788371
2022-06-20 13:35:00,XRPUSDT,211313269.2,68436014.68034852,2.347624922887107,1.4015524155,2.35246670418308,0.4248857221
2022-06-20 13:40:00,XRPUSDT,211562541.1,68419325.79174,2.3438174529756397,1.3989118308,2.349343339587242,1.7004001301
2022-06-20 13:45:00,XRPUSDT,211765116.2,68427939.41000822,2.3542503863987636,1.3991055916,2.352213053263316,0.8156701127
2022-06-20 13:50:00,XRPUSDT,211835418.7,67702599.81652,2.3840100723953417,1.3963341773,2.366775369269135,0.6662968714
2022-06-20 13:55:00,XRPUSDT,211343482.3,67675053.07694963,2.388505025125628,1.3965304525,2.3688336520076483,1.1621177557
2022-06-20 14:00:00,XRPUSDT,211421783.8,67834514.42323864,2.370393504059962,1.3954286936,2.367417016405952,0.7879716605
2022-06-20 14:05:00,XRPUSDT,211258897.2,68067616.67784,2.3445925007747133,1.3973108478,2.349621212121212,0.8830573931
2022-06-20 14:10:00,XRPUSDT,210961800.5,67978444.59462354,2.34376937383757,1.3971692767,2.3405099150141644,0.5061695916
2022-06-20 14:15:00,XRPUSDT,211065511.2,67985651.17758194,2.334671194813214,1.3984031213,2.334462638810465,0.7640365042
2022-06-20 14:20:00,XRPUSDT,211082191.7,68039355.57066053,2.326241134751773,1.4000241421,2.33032694475761,1.4968155773
2022-06-20 14:25:00,XRPUSDT,211329152.5,68289193.97308046,2.3257318952234205,1.399198916,2.3390404515522105,1.8847026696
2022-06-20 14:30:00,XRPUSDT,211471521.8,68284154.38922,2.335493827160494,1.3988722193,2.349284099472494,0.7606662631
2022-06-20 14:35:00,XRPUSDT,211612863.9,68558631.90433146,2.3227398950941067,1.400217998,2.336346516007533,1.1356452081
2022-06-20 14:40:00,XRPUSDT,211785939.2,68622742.35872352,2.323974082073434,1.4003167811,2.3421845574387947,1.3160470456
2022-06-20 14:45:00,XRPUSDT,211712799.9,68721974.84754,2.3282890673255094,1.3991050172,2.3526743526743528,1.215827682
2022-06-20 14:50:00,XRPUSDT,211545015.5,68900211.54835,2.311943506294136,1.3993296248,2.347858894548198,1.3611177185
2022-06-20 14:55:00,XRPUSDT,211746819.3,69135336.50145,2.3170356703567037,1.3993814467,2.3465962662643784,1.3048931445
2022-06-20 15:00:00,XRPUSDT,212122074.7,69173008.55967,2.315918869084204,1.3970804513,2.3489249339871745,0.7523218736
2022-06-20 15:05:00,XRPUSDT,211240314.6,69160079.00004,2.3326127239036443,1.3948291733,2.3585048140456863,1.3076138847
2022-06-20 15:10:00,XRPUSDT,211626200.2,68926653.40514,2.3348779734321905,1.3960396361,2.3459947348627304,0.6479170295
2022-06-20 15:15:00,XRPUSDT,211634170.8,68675288.4246,2.3333333333333335,1.3949350406,2.342819449679608,0.8995358327
2022-06-20 15:20:00,XRPUSDT,211184944.9,68233855.69719,2.356164383561644,1.3932633497,2.352517985611511,1.2977508247
2022-06-20 15:25:00,XRPUSDT,211139465.0,68008021.6765,2.3541861188920015,1.3916840695,2.3664383561643834,1.0573579943
2022-06-20 15:30:00,XRPUSDT,211306406.5,68146316.09625,2.3546981953951462,1.3893392559,2.380461743941996,1.1797148178
2022-06-20 15:35:00,XRPUSDT,210920444.1,68064027.31107,2.35136815920398,1.3898391716,2.3810249571346924,0.9321020659
2022-06-20 15:40:00,XRPUSDT,211120312.0,68257153.95489223,2.3489599503259857,1.3909121298,2.3960604322050103,0.8748584217
2022-06-20 15:45:00,XRPUSDT,210364478.4,68116018.10592,2.336838849365914,1.392524436,2.3854067441417413,0.5943855994
2022-06-20 15:50:00,XRPUSDT,210280834.3,68173046.48006,2.336838849365914,1.3923585895,2.3956463624212336,1.8978992505
2022-06-20 15:55:00,XRPUSDT,210191665.9,68228214.75114,2.332716049382716,1.3925688403,2.3926123381568924,1.0597376536
2022-06-20 16:00:00,XRPUSDT,209025200.1,68001708.49309278,2.318769230769231,1.3922478787,2.3822467211556737,2.4929139348
2022-06-20 16:05:00,XRPUSDT,208663641.2,67658351.0045352,2.323148148148148,1.3918149512,2.3608325449385053,0.9571409758
2022-06-20 16:10:00,XRPUSDT,208674899.5,67568932.4581,2.340359578425294,1.3914670725,2.366325369738339,1.0007520621
2022-06-20 16:15:00,XRPUSDT,208635887.5,67326800.89625,2.3409795412275263,1.3922613454,2.3684110731892303,0.5334045346
2022-06-20 16:20:00,XRPUSDT,208720142.1,67160543.85356888,2.3523187052598815,1.3934574494,2.384439359267734,0.85958118
2022-06-20 16:25:00,XRPUSDT,208920470.0,67251499.293,2.3305529811553907,1.3899888526,2.370820668693009,0.9074201263
2022-06-20 16:30:00,XRPUSDT,209170868.6,67457605.1235,2.3257318952234205,1.3896112952,2.37175355450237,1.0070817593
2022-06-20 16:35:00,XRPUSDT,209092535.3,67599616.66249,2.318559556786703,1.3897730476,2.3738849876636934,1.0785170799
2022-06-20 16:40:00,XRPUSDT,208846302.7,67561879.1696753,2.3154011681524747,1.3921303244,2.362897125567322,0.9507199284
2022-06-20 16:45:00,XRPUSDT,209104766.3,67235964.7656346,2.328192473781616,1.3908690057,2.3671653096004546,0.8336805166
2022-06-20 16:50:00,XRPUSDT,209272984.6,67323119.14582,2.3296261970960765,1.3920050366,2.3620722253734163,2.0482571806
2022-06-20 16:55:00,XRPUSDT,209356976.3,67204112.78474075,2.3264360716491663,1.3920552956,2.360469519121545,1.2850907455
2022-06-20 17:00:00,XRPUSDT,208956642.0,67188342.85066326,2.3299319727891157,1.3923811439,2.363153904473086,0.8398582191
2022-06-20 17:05:00,XRPUSDT,209023673.4,67207630.44647335,2.325724861196792,1.3908079324,2.354296506137866,0.6089299576
2022-06-20 17:10:00,XRPUSDT,208665634.7,67127734.68299,2.316031941031941,1.3923074623,2.3440677966101693,0.7226323865
2022-06-20 17:15:00,XRPUSDT,208431344.2,67278102.91216236,2.290273556231003,1.3935788449,2.320775829914211,0.9234960977
2022-06-20 17:20:00,XRPUSDT,208649811.1,67412471.33747657,2.2806060606060607,1.3928844955,2.3155448121978432,1.1022335672
2022-06-20 17:25:00,XRPUSDT,208593340.4,67375648.9492,2.281174334140436,1.3941047184,2.3058845299777944,0.687591708
2022-06-20 17:30:00,XRPUSDT,208794536.0,67148322.7776,2.2900485436893203,1.3938160119,2.300924214417745,0.7816304518
2022-06-20 17:35:00,XRPUSDT,208718560.9,67207376.6098,2.2773920917597343,1.3948331203,2.2868942731277535,2.1078234491
2022-06-20 17:40:00,XRPUSDT,209368244.8,67353764.35216,2.2814859559045604,1.3904455594,2.288754356998716,0.9672696851
2022-06-20 17:45:00,XRPUSDT,209585713.7,67339889.81181,2.2919442761962445,1.3885997773,2.298032726604155,1.0408452752
2022-06-20 17:50:00,XRPUSDT,209716831.0,67439215.96878694,2.293992718446602,1.3869047745,2.3051971986730555,1.0762536759
2022-06-20 17:55:00,XRPUSDT,209383001.3,66813108.58259375,2.29593693147362,1.3851060388,2.303601108033241,0.8179481037
2022-06-20 18:00:00,XRPUSDT,209480356.5,66389593.40581598,2.3027439024390244,1.3828759413,2.3040653424911826,0.6439866701
2022-06-20 18:05:00,XRPUSDT,209686193.9,66554397.94386,2.305648854961832,1.3798117508,2.3103127326880117,0.9920077295
2022-06-20 18:10:00,XRPUSDT,209879663.5,66454829.59179214,2.3160796324655437,1.3784245888,2.311454072145779,0.8985025767
2022-06-20 18:15:00,XRPUSDT,209558335.1,66220433.8916,2.3088414634146344,1.3791536668,2.284741395177618,0.4352864758
2022-06-20 18:20:00,XRPUSDT,210362369.2,66579689.8518,2.236935866983373,1.379229299,2.2243359655419956,1.5330283671
2022-06-20 18:25:00,XRPUSDT,209986302.4,66691649.64224,2.2319786413527143,1.3807031803,2.2320143884892087,0.7248599277
2022-06-20 18:30:00,XRPUSDT,210112344.8,66941793.05328,2.21900826446281,1.38127772,2.2200751476113796,1.2264358222
2022-06-20 18:35:00,XRPUSDT,210128438.0,66841856.1278,2.2195337857775157,1.3825118845,2.2154972326370292,1.2763797389
2022-06-20 18:40:00,XRPUSDT,210166497.6,66896368.18078075,2.221500295333727,1.3821925898,2.219302949061662,0.9925093893
2022-06-20 18:45:00,XRPUSDT,210235016.5,66894461.25571784,2.217634915953996,1.3804090662,2.2198999642729547,0.9285056419
2022-06-20 18:50:00,XRPUSDT,210237043.5,66850496.0264795,2.2189157336476133,1.3806916526,2.2182596291012837,1.025544861
2022-06-20 18:55:00,XRPUSDT,210299598.0,67022481.8826,2.2177371832645845,1.3796613616,2.216042780748663,1.267856211
2022-06-20 19:00:00,XRPUSDT,210380547.4,67072213.34745222,2.2141806413651075,1.3780570342,2.2174688057040997,1.7471660246
2022-06-20 19:05:00,XRPUSDT,210137428.4,66823702.2312,2.137471655328798,1.3785010215,2.1605902777777777,0.5413013894
2022-06-20 19:10:00,XRPUSDT,210408059.9,66678314.18231,2.1180614257537336,1.3769506394,2.147872708405396,1.1009570169
2022-06-20 19:15:00,XRPUSDT,210377186.5,66963058.46295,2.1298444130127296,1.3771393499,2.155312879181834,1.3104158766
2022-06-20 19:20:00,XRPUSDT,210133491.6,66885490.37628,2.144968732234224,1.3772717068,2.1655940163506697,0.4883626845
2022-06-20 19:25:00,XRPUSDT,210356236.5,67007083.82738414,2.1426947129050595,1.3749506917,2.1691932392402857,0.7605028167
2022-06-20 19:30:00,XRPUSDT,210969150.3,67003812.68373752,2.1452529846503694,1.3740857234,2.1731473408892765,0.431633979
2022-06-20 19:35:00,XRPUSDT,210817845.4,66955747.69904,2.142857142857143,1.3738479147,2.166000347644707,0.6153400456
2022-06-20 19:40:00,XRPUSDT,210754983.8,67154856.3378906,2.125105902287489,1.3742252022,2.1511326301227736,2.4459834297
2022-06-20 19:45:00,XRPUSDT,210812602.4,67102492.48620358,2.1256707144874327,1.3725843535,2.1539792387543253,1.5912958114
2022-06-20 19:50:00,XRPUSDT,210725734.4,67249617.97931162,2.140949133276499,1.3742303039,2.169016536118364,0.6634224142
2022-06-20 19:55:00,XRPUSDT,210863651.6,67265504.8604,2.144725618424794,1.3734963747,2.1776384535005224,1.2342730233
2022-06-20 20:00:00,XRPUSDT,210946685.4,67186519.2999,2.1389676687464547,1.3734341747,2.169473866990797,1.4682964265
2022-06-20 20:05:00,XRPUSDT,210828072.5,67001161.4405,2.1627108950529026,1.3735238578,2.1885045422781273,1.3929460582
2022-06-20 20:10:00,XRPUSDT,210674274.0,67205093.406,2.1615670574778383,1.3748284638,2.182722513089005,1.1376849477
2022-06-20 20:15:00,XRPUSDT,210892917.9,67512506.58392741,2.170591614014934,1.3738415907,2.1963093145869945,1.4571787548
2022-06-20 20:20:00,XRPUSDT,210635160.0,67642798.1420616,2.176487579433853,1.37300067,2.2205803809862914,0.9322567611
2022-06-20 20:25:00,XRPUSDT,210402206.9,67477332.22293209,2.175570314755992,1.3727529393,2.2175769436043407,0.8116087043
2022-06-20 20:30:00,XRPUSDT,210304664.4,67507797.2724,2.1771676300578036,1.3734062166,2.215961606825453,1.4225619266
2022-06-20 20:35:00,XRPUSDT,210016032.0,67373143.0656,2.18326577880718,1.373586388,2.220522852569802,0.7872357202
2022-06-20 20:40:00,XRPUSDT,210424276.5,67762656.20973556,2.1831640058055153,1.3749934264,2.225656601750938,1.5396479132
2022-06-20 20:45:00,XRPUSDT,210040125.7,67800952.57596,2.1594244604316546,1.3749113587,2.2072824156305506,1.6493445529
2022-06-20 20:50:00,XRPUSDT,209906015.2,67575868.40397574,2.1710488298179715,1.371473105,2.21503652235881,0.5660865256
2022-06-20 20:55:00,XRPUSDT,209722109.2,67761213.48252,2.230128014289967,1.3710974072,2.2613138686131387,1.6468791301
2022-06-20 21:00:00,XRPUSDT,209511208.8,67551341.42075098,2.238436287675321,1.3717312249,2.2717967464814475,0.7723968248
2022-06-20 21:05:00,XRPUSDT,209103985.3,67624228.84602,2.237853949329359,1.3718199547,2.27007299270073,0.7069474821
2022-06-20 21:10:00,XRPUSDT,208487723.4,67153895.70714,2.246259724715739,1.3687033709,2.2756222547584186,0.2613409974
2022-06-20 21:15:00,XRPUSDT,208333535.2,67032333.70158713,2.241111443083358,1.368008915,2.276038806516566,0.5102514264
2022-06-20 21:20:00,XRPUSDT,208307270.3,66991618.12848,2.239402985074627,1.3678962391,2.2716139645403035,0.4577115018
2022-06-20 21:25:00,XRPUSDT,208063192.2,67017154.20762,2.241111443083358,1.367745034,2.275723178322959,2.3124568831
2022-06-20 21:30:00,XRPUSDT,207843663.2,66884090.81776,2.2449162679425836,1.3692781293,2.273907478515268,0.6783512741
2022-06-20 21:35:00,XRPUSDT,207842451.0,66758995.2612,2.2348733233979137,1.3698813603,2.2636280765724703,0.2190365374
2022-06-20 21:40:00,XRPUSDT,207142561.4,66264905.39186,2.2341186996719355,1.3731357587,2.2596785975164355,0.5883537937
2022-06-20 21:45:00,XRPUSDT,206999064.8,66260400.64248,2.230059523809524,1.3741327506,2.258529465426017,1.0743087498
2022-06-20 21:50:00,XRPUSDT,206903849.7,65944303.93869013,2.2123815165876777,1.3738404493,2.246131440014564,2.093753464
2022-06-20 21:55:00,XRPUSDT,207140818.2,66212305.68301543,2.180592201700381,1.3736548521,2.230170228178196,2.508169496
2022-06-20 22:00:00,XRPUSDT,207336542.1,66178757.73086234,2.1923529411764706,1.3721541173,2.241279069767442,0.5416682196
2022-06-20 22:05:00,XRPUSDT,207270740.3,65995003.71152,2.200530035335689,1.3713943744,2.2434102890383567,1.011713798
2022-06-20 22:10:00,XRPUSDT,207209129.0,65913223.9349,2.191189427312775,1.3703941416,2.2434054939057666,0.9888096542
2022-06-20 22:15:00,XRPUSDT,207354632.6,65979217.68788863,2.1892605633802815,1.3698786536,2.2413667757179208,0.8090012605
2022-06-20 22:20:00,XRPUSDT,207333745.2,66027541.81646614,2.1694865810968493,1.3691901841,2.2230254834628593,1.435778368
2022-06-20 22:25:00,XRPUSDT,207238354.7,66044055.56318382,2.1708029197080294,1.3703542994,2.222081676906397,0.706468638
2022-06-20 22:30:00,XRPUSDT,207309943.4,66359912.88234,2.1648703757646373,1.3687760212,2.219353673948366,0.9038884419
2022-06-20 22:35:00,XRPUSDT,207323208.0,66364158.8808,2.170268691588785,1.3705637576,2.225602027883397,0.9629802925
2022-06-20 22:40:00,XRPUSDT,207767653.3,66485649.056,2.1875,1.3679790456,2.239142286025804,0.6548024435
2022-06-20 22:45:00,XRPUSDT,207237022.8,66730321.3416,2.1701196381674936,1.3699859169,2.226606334841629,1.6505182651
2022-06-20 22:50:00,XRPUSDT,207544990.3,66941922.29964512,2.1743199766013452,1.3699073258,2.220715835140998,0.8537876842
2022-06-20 22:55:00,XRPUSDT,207608138.3,66912102.97409,2.16472303206997,1.3717831498,2.203234501347709,1.2671024748
2022-06-20 23:00:00,XRPUSDT,207529798.6,66928360.0485,2.160651920838184,1.3725460293,2.1982789530297597,0.6980547366
2022-06-20 23:05:00,XRPUSDT,207641828.2,67030453.25048258,2.173341128325051,1.3711197626,2.205280172413793,0.7434481857
2022-06-20 23:10:00,XRPUSDT,207698810.7,66920556.80754,2.1798476859988285,1.3707442272,2.213064603203167,0.310612608
2022-06-20 23:15:00,XRPUSDT,207491409.5,66666989.87235,2.189228958210712,1.3724304177,2.217250090220137,1.1620611631
2022-06-20 23:20:00,XRPUSDT,207384158.7,66512062.80636276,2.204552172627845,1.3730255173,2.229208189889473,0.7827633685
2022-06-20 23:25:00,XRPUSDT,207425192.8,66604229.40808,2.2002949852507374,1.3718292444,2.2247739602169982,2.4750535123
2022-06-20 23:30:00,XRPUSDT,207568214.1,66685946.6103494,2.198054818744474,1.3671707996,2.2260806655814793,0.9461405052
2022-06-20 23:35:00,XRPUSDT,207414478.4,67098583.7624,2.196639150943396,1.3689297826,2.232752360203341,0.9793648652
2022-06-20 23:40:00,XRPUSDT,206867940.9,67109716.33677824,2.2190560997328586,1.3734724625,2.259680675353276,0.8302100411
2022-06-20 23:45:00,XRPUSDT,206400617.6,67038920.59648,2.225729600952948,1.3776484472,2.2696277183929228,0.7750074085
2022-06-20 23:50:00,XRPUSDT,206526527.5,66935247.56275,2.2341885441527447,1.3764081129,2.2732804720634334,0.7688478361
2022-06-20 23:55:00,XRPUSDT,206537934.9,66897637.11411,2.2448368751870698,1.3771639359,2.273548387096774,0.8472278265
