create_time,symbol,sum_open_interest,sum_open_interest_value,count_toptrader_long_short_ratio,sum_toptrader_long_short_ratio,count_long_short_ratio,sum_taker_long_short_vol_ratio
2025-12-22 00:05:00,ETHUSDT,2029520.62,6098139372.340868,1.73739092,2.645366,1.5020882,1.137088
2025-12-22 00:10:00,ETHUSDT,2030370.411,6110176411.159289,1.73900995,2.643956,1.50549161,0.818705
2025-12-22 00:15:00,ETHUSDT,2006296.209,6105239615.83536,1.82990959,2.745041,1.62856531,2.84032
2025-12-22 00:20:00,ETHUSDT,1994825.768,6037001066.47144,1.81844122,2.733094,1.63338674,1.092064
2025-12-22 00:25:00,ETHUSDT,1993679.149,6024718957.154591,1.83504399,2.7393,1.64534349,0.941459
2025-12-22 00:30:00,ETHUSDT,1995791.331,6045511394.472031,1.83579109,2.741038,1.64491567,1.260533
2025-12-22 00:35:00,ETHUSDT,1997978.992,6040967217.640681,1.81962192,2.736528,1.62581882,0.705748
2025-12-22 00:40:00,ETHUSDT,1999880.143,6064647509.72968,1.81834041,2.740175,1.62707021,1.778885
2025-12-22 00:45:00,ETHUSDT,2001790.153,6069367690.19141,1.8188401,2.735145,1.62548304,0.999323
2025-12-22 00:50:00,ETHUSDT,2002630.537,6074579207.8821,1.81808025,2.737768,1.62334837,1.14432
2025-12-22 00:55:00,ETHUSDT,2002975.625,6066111829.09375,1.81824455,2.734282,1.62179974,0.670664
2025-12-22 01:00:00,ETHUSDT,2003086.083,6052324599.7845,1.81751297,2.730812,1.61881066,0.495856
2025-12-22 01:05:00,ETHUSDT,2001111.469,6059425561.47607,1.81292372,2.737575,1.61603027,1.163025
2025-12-22 01:10:00,ETHUSDT,1999264.617,6054552973.47663,1.80914286,2.730855,1.61397782,1.305529
2025-12-22 01:15:00,ETHUSDT,1999362.162,6055688109.88722,1.80814409,2.728362,1.61264988,1.159114
2025-12-22 01:20:00,ETHUSDT,2000281.228,6063612508.93464,1.80561436,2.711135,1.61009808,2.560602
2025-12-22 01:25:00,ETHUSDT,1998413.785,6070506234.638817,1.80544519,2.706448,1.61165915,1.291696
2025-12-22 01:30:00,ETHUSDT,1998473.173,6062448309.22242,1.80259394,2.704384,1.6079269,0.752811
2025-12-22 01:35:00,ETHUSDT,1998977.713,6080770264.28322,1.79700515,2.701736,1.6045638,1.495716
2025-12-22 01:40:00,ETHUSDT,2000388.174,6092331763.862888,1.796918,2.700267,1.60946931,1.385577
2025-12-22 01:45:00,ETHUSDT,2001136.717,6083155449.17245,1.79554937,2.699766,1.60659238,0.861193
2025-12-22 01:50:00,ETHUSDT,2001696.764,6077831952.40376,1.78761205,2.694759,1.5979021,0.509526
2025-12-22 01:55:00,ETHUSDT,1999432.918,6040607111.023775,1.8005135,2.696108,1.60290506,0.689143
2025-12-22 02:00:00,ETHUSDT,1999637.966,6033227685.49656,1.80789894,2.69474,1.60770785,1.013125
2025-12-22 02:05:00,ETHUSDT,1996812.028,6007614147.072399,1.80779662,2.70102,1.60121917,0.640759
2025-12-22 02:10:00,ETHUSDT,1984692.558,5947528188.5586,1.85603454,2.700209,1.63734896,0.69171
2025-12-22 02:15:00,ETHUSDT,1986150.167,5943782173.857524,1.86343964,2.695559,1.64236249,0.790831
2025-12-22 02:20:00,ETHUSDT,1984977.461,5942999252.452128,1.86670663,2.7049,1.64433231,1.042919
2025-12-22 02:25:00,ETHUSDT,1984802.719,5964566900.4502945,1.87938824,2.709476,1.65726186,1.558585
2025-12-22 02:30:00,ETHUSDT,1985340.08,5950692117.390495,1.87780082,2.700871,1.65767853,0.69024
2025-12-22 02:35:00,ETHUSDT,1986055.385,5962961539.608765,1.87941698,2.704354,1.659072,1.560492
2025-12-22 02:40:00,ETHUSDT,1987489.434,5984927202.227016,1.88506132,2.704754,1.66603185,1.719895
2025-12-22 02:45:00,ETHUSDT,1986713.252,5971225615.94616,1.88761145,2.700343,1.66883105,0.49722
2025-12-22 02:50:00,ETHUSDT,1987378.702,5981870776.51086,1.88938424,2.697946,1.67069191,1.002454
2025-12-22 02:55:00,ETHUSDT,1988342.844,5986498303.527865,1.88990549,2.697287,1.670096,0.933451
2025-12-22 03:00:00,ETHUSDT,1988359.999,5981998335.680822,1.8859294,2.694454,1.66757715,0.561715
2025-12-22 03:05:00,ETHUSDT,1988164.279,5975476057.558903,1.88217412,2.693278,1.66234188,0.644689
2025-12-22 03:10:00,ETHUSDT,1988139.176,5994878933.3835745,1.87325961,2.694255,1.65710838,1.922242
2025-12-22 03:15:00,ETHUSDT,1987593.119,5990267769.83577,1.87724741,2.702336,1.66056848,0.945191
2025-12-22 03:20:00,ETHUSDT,1988014.14,5996271427.145937,1.87578716,2.699112,1.6610948,1.192393
2025-12-22 03:25:00,ETHUSDT,1988857.466,6019324822.600893,1.89578404,2.698461,1.67875704,1.881406
2025-12-22 03:30:00,ETHUSDT,1988644.494,6016830417.544148,1.8905061,2.698522,1.6745889,1.004783
2025-12-22 03:35:00,ETHUSDT,1988562.497,6014172668.055818,1.88118877,2.695367,1.66796336,1.232474
2025-12-22 03:40:00,ETHUSDT,1988167.308,6003767688.903446,1.87516508,2.693578,1.66182202,0.40478
2025-12-22 03:45:00,ETHUSDT,1987912.436,6004807578.92776,1.87279863,2.691192,1.65905319,1.383496
2025-12-22 03:50:00,ETHUSDT,1987674.557,5997807975.7475,1.87250668,2.695047,1.65687096,0.873157
2025-12-22 03:55:00,ETHUSDT,1987969.3,6002872236.9806185,1.87138952,2.695314,1.65384752,0.664436
2025-12-22 04:00:00,ETHUSDT,1988324.504,6005078017.24568,1.86760795,2.694152,1.64995746,1.777003
2025-12-22 04:05:00,ETHUSDT,1990345.435,6011516305.315719,1.87120192,2.692577,1.6541708,1.487042
2025-12-22 04:10:00,ETHUSDT,1990555.516,6013508024.94632,1.86870244,2.691817,1.65226013,1.055735
2025-12-22 04:15:00,ETHUSDT,1990670.942,6012944153.166943,1.86751885,2.691551,1.65077596,1.159768
2025-12-22 04:20:00,ETHUSDT,1991815.095,6026592950.419,1.87020697,2.679732,1.6535553,0.817537
2025-12-22 04:25:00,ETHUSDT,1992992.153,6037131970.02454,1.86765332,2.676891,1.65008843,1.293003
2025-12-22 04:30:00,ETHUSDT,1995808.773,6055688131.017366,1.85822504,2.6717,1.64384118,2.009472
2025-12-22 04:35:00,ETHUSDT,1997710.536,6053669933.840159,1.85871266,2.666506,1.64281182,0.626296
2025-12-22 04:40:00,ETHUSDT,1998910.728,6063255933.02784,1.85402362,2.661024,1.63910581,1.206558
2025-12-22 04:45:00,ETHUSDT,2000083.101,6073641313.588034,1.84292465,2.659058,1.62941783,1.53503
2025-12-22 04:50:00,ETHUSDT,2001454.78,6081360801.867473,1.83650558,2.648143,1.62516568,1.588783
2025-12-22 04:55:00,ETHUSDT,2002588.863,6086268600.2519455,1.83063115,2.643641,1.62524576,1.284478
2025-12-22 05:00:00,ETHUSDT,2004355.133,6090914552.36572,1.81588113,2.642384,1.61069572,1.444185
2025-12-22 05:05:00,ETHUSDT,2004569.748,6087076714.332755,1.8091659,2.642568,1.60484246,0.601543
2025-12-22 05:10:00,ETHUSDT,2003850.75,6079572140.426669,1.80154149,2.643696,1.59281079,0.516684
2025-12-22 05:15:00,ETHUSDT,2002257.967,6074195700.700233,1.79915708,2.640722,1.58848003,0.534374
2025-12-22 05:20:00,ETHUSDT,2003350.947,6073599133.03884,1.79343599,2.64101,1.58192667,0.798283
2025-12-22 05:25:00,ETHUSDT,2004505.894,6071187316.57038,1.79488561,2.640979,1.58620572,0.726772
2025-12-22 05:30:00,ETHUSDT,2006989.861,6074395653.09982,1.79260644,2.627486,1.58179649,1.171008
2025-12-22 05:35:00,ETHUSDT,2007191.009,6077071858.3988495,1.78943542,2.628228,1.57389948,1.149418
2025-12-22 05:40:00,ETHUSDT,2006829.629,6089403416.45986,1.79452749,2.629014,1.58098154,1.541719
2025-12-22 05:45:00,ETHUSDT,2007631.139,6083845098.38004,1.79365983,2.625097,1.57943259,0.989482
2025-12-22 05:50:00,ETHUSDT,2007248.509,6085676392.011649,1.79406742,2.62995,1.57907324,2.693407
2025-12-22 05:55:00,ETHUSDT,2007516.46,6084995918.423307,1.79256731,2.62803,1.58002578,0.727098
2025-12-22 06:00:00,ETHUSDT,2007298.791,6076213878.28446,1.78981093,2.626506,1.57380964,0.50927
2025-12-22 06:05:00,ETHUSDT,2008567.448,6081620861.75232,1.7872052,2.62454,1.57179596,1.337633
2025-12-22 06:10:00,ETHUSDT,2008524.919,6078187086.349892,1.78434399,2.62446,1.56808162,1.26253
2025-12-22 06:15:00,ETHUSDT,2008726.51,6077502492.3305,1.77966208,2.62174,1.56186158,0.649483
2025-12-22 06:20:00,ETHUSDT,2009261.664,6091579049.832,1.78189948,2.617702,1.56431668,1.783005
2025-12-22 06:25:00,ETHUSDT,2011956.265,6096509156.8271,1.78294818,2.601102,1.56615104,2.396167
2025-12-22 06:30:00,ETHUSDT,2012121.64,6084570331.997332,1.78567151,2.600985,1.56709818,1.00652
2025-12-22 06:35:00,ETHUSDT,2013430.664,6089439834.50824,1.7894272,2.596138,1.58415474,2.190477
2025-12-22 06:40:00,ETHUSDT,2014031.836,6091291576.6918545,1.7909699,2.593681,1.58444122,0.805079
2025-12-22 06:45:00,ETHUSDT,2014352.873,6100850402.92637,1.79337564,2.592594,1.58693157,1.203289
2025-12-22 06:50:00,ETHUSDT,2014515.649,6095924353.874,1.79425792,2.591629,1.58706291,1.265099
2025-12-22 06:55:00,ETHUSDT,2014607.624,6098899230.345402,1.79397366,2.590122,1.58680433,1.086241
2025-12-22 07:00:00,ETHUSDT,2014181.086,6089296179.549352,1.79593514,2.589628,1.5888947,0.533512
2025-12-22 07:05:00,ETHUSDT,2014145.871,6100606145.75448,1.79771017,2.589996,1.58983755,1.509968
2025-12-22 07:10:00,ETHUSDT,2015052.77,6109619848.1123,1.799538,2.583232,1.59473586,1.553404
2025-12-22 07:15:00,ETHUSDT,2015444.29,6110323226.2075,1.79984182,2.581632,1.59631647,0.87486
2025-12-22 07:20:00,ETHUSDT,2015668.936,6107114055.67152,1.8006264,2.580952,1.59712899,0.451342
2025-12-22 07:25:00,ETHUSDT,2016073.042,6107231256.191285,1.80001265,2.579337,1.59622565,1.000035
2025-12-22 07:30:00,ETHUSDT,2016078.031,6108676112.36938,1.79876122,2.578479,1.59610545,0.765612
2025-12-22 07:35:00,ETHUSDT,2016276.41,6111195011.952615,1.79820628,2.579632,1.59523769,0.719782
2025-12-22 07:40:00,ETHUSDT,2016408.599,6103528977.948526,1.81011735,2.578237,1.61360431,0.594061
2025-12-22 07:45:00,ETHUSDT,2016518.371,6109449397.758399,1.80656195,2.577805,1.61014621,1.327943
2025-12-22 07:50:00,ETHUSDT,2016445.348,6102328227.74544,1.80692254,2.579098,1.60973129,0.510347
2025-12-22 07:55:00,ETHUSDT,2016341.016,6103543142.8184,1.80671923,2.577617,1.60999712,0.557581
2025-12-22 08:00:00,ETHUSDT,2015659.444,6105166607.588911,1.80642199,2.580274,1.60906103,1.262782
2025-12-22 08:05:00,ETHUSDT,2016344.872,6111715494.226264,1.80898236,2.581131,1.6118343,1.963137
2025-12-22 08:10:00,ETHUSDT,2016517.261,6107620146.587981,1.80803317,2.580974,1.61253643,0.88118
2025-12-22 08:15:00,ETHUSDT,2016664.424,6110489906.142668,1.80580682,2.581347,1.61123717,1.057284
2025-12-22 08:20:00,ETHUSDT,2019942.281,6141230516.9243,1.79285804,2.566654,1.60729868,2.255734
2025-12-22 08:25:00,ETHUSDT,2019171.84,6150195507.456,1.76297933,2.57897,1.58883513,1.343118
2025-12-22 08:30:00,ETHUSDT,2022147.372,6166497967.96656,1.74942031,2.570872,1.57567157,1.335545
2025-12-22 08:35:00,ETHUSDT,2026004.381,6167601957.3368025,1.74260355,2.567623,1.56822299,0.981399
2025-12-22 08:40:00,ETHUSDT,2028013.147,6170939804.34895,1.74152803,2.565003,1.56635508,0.765023
2025-12-22 08:45:00,ETHUSDT,2029537.382,6172049251.550561,1.7497992,2.563887,1.573399,0.89972
2025-12-22 08:50:00,ETHUSDT,2027623.843,6148323226.65204,1.75501859,2.573563,1.5744656,0.600611
2025-12-22 08:55:00,ETHUSDT,2026156.585,6138727651.8379,1.77092318,2.574549,1.58746451,0.760138
2025-12-22 09:00:00,ETHUSDT,2025833.152,6130981451.2128,1.77429752,2.57655,1.58982202,0.792255
2025-12-22 09:05:00,ETHUSDT,2025075.039,6133223266.11696,1.77987461,2.575673,1.59650452,0.895715
2025-12-22 09:10:00,ETHUSDT,2025976.385,6137747207.142951,1.78454391,2.57316,1.60027292,1.191855
2025-12-22 09:15:00,ETHUSDT,2025709.789,6135895207.978889,1.79069548,2.573941,1.60512864,0.937746
2025-12-22 09:20:00,ETHUSDT,2025907.912,6151722425.313879,1.79319899,2.57329,1.60830785,1.475111
2025-12-22 09:25:00,ETHUSDT,2026602.945,6150827543.560455,1.79516175,2.570717,1.61043349,0.695873
2025-12-22 09:30:00,ETHUSDT,2027209.395,6153328255.504084,1.79291244,2.565121,1.60835738,2.013
2025-12-22 09:35:00,ETHUSDT,2027275.652,6164012710.93208,1.7952498,2.570089,1.60986608,1.163823
2025-12-22 09:40:00,ETHUSDT,2027667.471,6161067610.6335,1.79681099,2.566736,1.61145647,0.611674
2025-12-22 09:45:00,ETHUSDT,2027055.016,6148686250.58296,1.7926434,2.571391,1.60700553,0.882635
2025-12-22 09:50:00,ETHUSDT,2027609.548,6152598688.54668,1.79275084,2.569555,1.60550613,0.692184
2025-12-22 09:55:00,ETHUSDT,2028410.497,6156171846.062841,1.79405841,2.571749,1.60686367,3.102445
2025-12-22 10:00:00,ETHUSDT,2029015.701,6168594942.735425,1.79444812,2.566992,1.60813726,1.92006
2025-12-22 10:05:00,ETHUSDT,2029306.785,6152046449.406,1.79608226,2.566696,1.60947613,0.691749
2025-12-22 10:10:00,ETHUSDT,2028360.212,6152889799.5710945,1.80005674,2.566549,1.61289397,1.754045
2025-12-22 10:15:00,ETHUSDT,2029194.477,6162156328.029751,1.79771389,2.567681,1.6091834,1.575832
2025-12-22 10:20:00,ETHUSDT,2029322.381,6165699314.269243,1.79472344,2.567641,1.60776624,1.188975
2025-12-22 10:25:00,ETHUSDT,2028686.059,6159861775.82642,1.79777757,2.566663,1.60875932,0.342837
2025-12-22 10:30:00,ETHUSDT,2028451.396,6156755677.1392,1.79804755,2.568839,1.61024398,0.784266
2025-12-22 10:35:00,ETHUSDT,2028580.505,6160238256.301821,1.80005672,2.569216,1.61098479,1.710539
2025-12-22 10:40:00,ETHUSDT,2028839.717,6167813390.170108,1.79828096,2.567346,1.61039464,1.098357
2025-12-22 10:45:00,ETHUSDT,2028851.341,6167456168.797008,1.79881638,2.564802,1.61122892,0.624447
2025-12-22 10:50:00,ETHUSDT,2028577.943,6164544082.08555,1.80093891,2.56541,1.61276854,0.481995
2025-12-22 10:55:00,ETHUSDT,2027919.41,6172196455.7201,1.79971662,2.559687,1.61495434,2.469959
2025-12-22 11:00:00,ETHUSDT,2028667.347,6165479597.718124,1.80352415,2.55234,1.61755137,0.304846
2025-12-22 11:05:00,ETHUSDT,2028712.477,6169828913.298515,1.80105157,2.550872,1.61508811,2.301369
2025-12-22 11:10:00,ETHUSDT,2030304.817,6176004525.88047,1.80072395,2.546491,1.61670427,1.396064
2025-12-22 11:15:00,ETHUSDT,2030693.292,6173383483.194598,1.80100708,2.544326,1.61769706,0.593853
2025-12-22 11:20:00,ETHUSDT,2030633.308,6167245943.234564,1.79969159,2.54344,1.61476871,0.426509
2025-12-22 11:25:00,ETHUSDT,2031293.807,6176148820.1835,1.79813225,2.540808,1.61358672,1.135381
2025-12-22 11:30:00,ETHUSDT,2030377.334,6180401523.546553,1.79723314,2.543072,1.61335485,2.288035
2025-12-22 11:35:00,ETHUSDT,2028727.778,6178799081.8670025,1.79751053,2.531838,1.61586698,1.478457
2025-12-22 11:40:00,ETHUSDT,2029745.221,6177248342.391005,1.80356412,2.517467,1.61953139,0.750886
2025-12-22 11:45:00,ETHUSDT,2029954.543,6182923496.0273485,1.80084253,2.517027,1.61675089,0.860054
2025-12-22 11:50:00,ETHUSDT,2028276.309,6185188038.76932,1.78588382,2.514229,1.60629776,1.593094
2025-12-22 11:55:00,ETHUSDT,2029752.39,6190493823.993045,1.78706738,2.510109,1.60759367,0.509039
2025-12-22 12:00:00,ETHUSDT,2027422.563,6178773002.9988,1.7863,2.505928,1.60695472,0.726368
2025-12-22 12:05:00,ETHUSDT,2028042.829,6186579865.4897175,1.78827636,2.505574,1.60828519,1.423664
2025-12-22 12:10:00,ETHUSDT,2028063.97,6185613675.506768,1.78819682,2.506294,1.60861971,1.042705
2025-12-22 12:15:00,ETHUSDT,2028054.879,6182728104.1194,1.78119759,2.50611,1.60244861,0.894794
2025-12-22 12:20:00,ETHUSDT,2030983.208,6205845572.699459,1.79345724,2.490091,1.61450662,0.872088
2025-12-22 12:25:00,ETHUSDT,2032660.082,6207032459.3993,1.78904621,2.480509,1.61442413,1.186219
2025-12-22 12:30:00,ETHUSDT,2032997.793,6208307670.32961,1.79255154,2.475038,1.61762307,0.624665
2025-12-22 12:35:00,ETHUSDT,2026582.512,6201711066.327648,1.81767921,2.484837,1.6565086,1.310916
2025-12-22 12:40:00,ETHUSDT,2028943.185,6206017714.817801,1.80660854,2.478621,1.64461331,0.975764
2025-12-22 12:45:00,ETHUSDT,2029354.848,6202590917.418498,1.79721357,2.478265,1.63528335,0.599072
2025-12-22 12:50:00,ETHUSDT,2031119.611,6202287777.737929,1.79009057,2.476105,1.62886964,0.481436
2025-12-22 12:55:00,ETHUSDT,2032465.386,6209105135.020592,1.78734391,2.472805,1.62556231,0.662279
2025-12-22 13:00:00,ETHUSDT,2034705.036,6219828783.39732,1.78922152,2.471574,1.62841106,1.95675
2025-12-22 13:05:00,ETHUSDT,2035063.863,6221882150.90442,1.79064302,2.466165,1.62916709,1.316507
2025-12-22 13:10:00,ETHUSDT,2035861.234,6220242849.517766,1.78507799,2.463885,1.6224327,0.675869
2025-12-22 13:15:00,ETHUSDT,2036470.085,6220994986.600594,1.77960342,2.459154,1.61750867,0.54878
2025-12-22 13:20:00,ETHUSDT,2034879.495,6206382459.75,1.77023832,2.457527,1.60304071,0.756964
2025-12-22 13:25:00,ETHUSDT,2034399.836,6216946635.070419,1.7553027,2.452982,1.59244576,1.040509
2025-12-22 13:30:00,ETHUSDT,2034078.501,6227005878.25134,1.75011562,2.447738,1.58736772,1.062811
2025-12-22 13:35:00,ETHUSDT,2036700.595,6222369616.1916,1.74712077,2.436004,1.58319996,0.50943
2025-12-22 13:40:00,ETHUSDT,2036866.311,6221241511.01352,1.74373405,2.43594,1.5790453,0.870357
2025-12-22 13:45:00,ETHUSDT,2037000.231,6207460849.3194,1.73595454,2.436767,1.56961193,0.525465
2025-12-22 13:50:00,ETHUSDT,2039093.841,6223137586.420729,1.73240343,2.434194,1.56665192,1.452115
2025-12-22 13:55:00,ETHUSDT,2039757.916,6230358964.10536,1.73302474,2.430929,1.56672892,1.323545
2025-12-22 14:00:00,ETHUSDT,2040620.49,6235156719.6048,1.73032779,2.428413,1.56513629,1.568459
2025-12-22 14:05:00,ETHUSDT,2040774.582,6244351355.896147,1.72976114,2.429253,1.56502403,1.705267
2025-12-22 14:10:00,ETHUSDT,2042119.157,6238674024.635,1.73161922,2.428808,1.56518115,0.920672
2025-12-22 14:15:00,ETHUSDT,2042798.949,6245355020.489385,1.72930998,2.428278,1.56341913,0.890085
2025-12-22 14:20:00,ETHUSDT,2043434.232,6260334985.936642,1.72637849,2.432737,1.56560834,1.333969
2025-12-22 14:25:00,ETHUSDT,2043757.576,6248768351.04424,1.72482607,2.431886,1.56386939,0.769184
2025-12-22 14:30:00,ETHUSDT,2044202.37,6250762006.986,1.72276081,2.431825,1.56261923,1.553043
2025-12-22 14:35:00,ETHUSDT,2039454.509,6215869847.07529,1.72402378,2.437361,1.55249052,0.769721
2025-12-22 14:40:00,ETHUSDT,2040908.862,6205342576.73376,1.7094335,2.447681,1.53841249,1.01107
2025-12-22 14:45:00,ETHUSDT,2042578.332,6222644474.900696,1.72795712,2.445023,1.55767136,1.002696
2025-12-22 14:50:00,ETHUSDT,2040476.372,6253227125.648661,1.707501,2.430436,1.54575981,1.235618
2025-12-22 14:55:00,ETHUSDT,2040539.648,6258171857.24416,1.70395948,2.426511,1.54149381,0.72153
2025-12-22 15:00:00,ETHUSDT,2042687.446,6251828770.35314,1.70489793,2.426626,1.54184114,0.927499
2025-12-22 15:05:00,ETHUSDT,2041838.002,6245531724.242137,1.70158526,2.427374,1.53906569,0.89854
2025-12-22 15:10:00,ETHUSDT,2042741.62,6254934174.954893,1.6966323,2.424206,1.53804162,0.920567
2025-12-22 15:15:00,ETHUSDT,2040391.095,6195198673.9266,1.72105653,2.421472,1.55479114,0.86914
2025-12-22 15:20:00,ETHUSDT,2040591.407,6209642086.98542,1.73665128,2.424821,1.57175677,1.184961
2025-12-22 15:25:00,ETHUSDT,2036755.637,6197127260.286635,1.75766095,2.451796,1.5874532,0.806572
2025-12-22 15:30:00,ETHUSDT,2037287.236,6196320087.779317,1.75839471,2.453125,1.58855577,0.829556
2025-12-22 15:35:00,ETHUSDT,2037688.477,6194322508.151026,1.76335687,2.452663,1.59133106,1.122102
2025-12-22 15:40:00,ETHUSDT,2036204.489,6161706267.859632,1.78786635,2.474172,1.60848859,0.690908
2025-12-22 15:45:00,ETHUSDT,2035149.424,6178693299.76976,1.78843967,2.477957,1.6109778,1.072814
2025-12-22 15:50:00,ETHUSDT,2034539.328,6180665988.35136,1.7877208,2.478555,1.61092471,1.079898
2025-12-22 15:55:00,ETHUSDT,2033694.566,6193433768.24206,1.77951066,2.470638,1.60467302,1.187624
2025-12-22 16:00:00,ETHUSDT,2032500.445,6202171877.969418,1.76607801,2.470606,1.58951622,1.433066
2025-12-22 16:05:00,ETHUSDT,2031148.134,6196251815.0410185,1.76344154,2.467271,1.58651124,0.628995
2025-12-22 16:10:00,ETHUSDT,2030488.458,6189249629.282069,1.75621906,2.474879,1.57763738,0.928404
2025-12-22 16:15:00,ETHUSDT,2030068.19,6191728280.1819,1.75236904,2.474921,1.57355544,0.792877
2025-12-22 16:20:00,ETHUSDT,2029838.421,6192806108.681477,1.75005467,2.474679,1.57259011,1.429676
2025-12-22 16:25:00,ETHUSDT,2029496.85,6195343559.1525,1.7466388,2.477496,1.5702377,0.996125
2025-12-22 16:30:00,ETHUSDT,2029114.19,6199681386.260869,1.74639671,2.476696,1.57062417,1.21338
2025-12-22 16:35:00,ETHUSDT,2028067.376,6173092321.09008,1.74490943,2.477812,1.56642341,0.68208
2025-12-22 16:40:00,ETHUSDT,2027228.968,6168352969.610968,1.7488027,2.481693,1.56789287,1.0284
2025-12-22 16:45:00,ETHUSDT,2027443.874,6164188772.5664,1.75054814,2.48347,1.56916336,1.546824
2025-12-22 16:50:00,ETHUSDT,2027277.858,6167054944.800951,1.74766969,2.484108,1.56765061,1.360035
2025-12-22 16:55:00,ETHUSDT,2027320.756,6166770705.712033,1.74938183,2.486021,1.56815291,1.151049
2025-12-22 17:00:00,ETHUSDT,2027622.351,6169117612.471407,1.74731738,2.489692,1.56660614,1.315682
2025-12-22 17:05:00,ETHUSDT,2026955.756,6155459239.8208,1.74851274,2.498709,1.5662366,0.823077
2025-12-22 17:10:00,ETHUSDT,2027655.778,6136405054.599062,1.77098393,2.495775,1.58496846,0.62645
2025-12-22 17:15:00,ETHUSDT,2026059.606,6141261424.591713,1.78697211,2.500844,1.59867266,0.912985
2025-12-22 17:20:00,ETHUSDT,2025864.785,6146149619.3244,1.78990181,2.501257,1.60142271,1.032163
2025-12-22 17:25:00,ETHUSDT,2025351.913,6142001197.28728,1.78915452,2.498879,1.60205754,1.433498
2025-12-22 17:30:00,ETHUSDT,2024315.716,6136721927.856052,1.79147597,2.502696,1.60309175,0.831696
2025-12-22 17:35:00,ETHUSDT,2023837.125,6125063172.152763,1.79406432,2.510677,1.60625492,0.755059
2025-12-22 17:40:00,ETHUSDT,2023777.32,6139914196.469812,1.79773849,2.511769,1.60850622,1.619265
2025-12-22 17:45:00,ETHUSDT,2022808.628,6126953358.418178,1.80266182,2.512396,1.61269639,0.953318
2025-12-22 17:50:00,ETHUSDT,2022284.227,6121069180.52103,1.80497077,2.513276,1.61483933,0.91216
2025-12-22 17:55:00,ETHUSDT,2021514.04,6124164796.136795,1.80418397,2.511978,1.61381452,1.007004
2025-12-22 18:00:00,ETHUSDT,2021135.936,6127055807.120523,1.80488818,2.510858,1.61423535,1.312439
2025-12-22 18:05:00,ETHUSDT,2020272.875,6124719856.036249,1.80803686,2.512928,1.61740285,0.843449
2025-12-22 18:10:00,ETHUSDT,2019973.577,6120992380.476448,1.81023277,2.513601,1.61963066,0.76848
2025-12-22 18:15:00,ETHUSDT,2019648.626,6123604521.701209,1.81011848,2.515554,1.6200387,1.068644
2025-12-22 18:20:00,ETHUSDT,2018945.245,6118954751.846128,1.81234964,2.51267,1.62349687,1.182729
2025-12-22 18:25:00,ETHUSDT,2018759.075,6114181573.225678,1.81918178,2.519392,1.62778397,0.648851
2025-12-22 18:30:00,ETHUSDT,2018575.661,6119500235.057936,1.81700145,2.517525,1.62573662,1.290375
2025-12-22 18:35:00,ETHUSDT,2018171.069,6112253081.28409,1.81306581,2.517301,1.62228632,0.804972
2025-12-22 18:40:00,ETHUSDT,2018186.264,6114769783.406561,1.81464825,2.516769,1.62361418,1.462695
2025-12-22 18:45:00,ETHUSDT,2018944.363,6111586860.12456,1.81595269,2.518487,1.62535035,2.105571
2025-12-22 18:50:00,ETHUSDT,2019334.524,6113918944.96956,1.81770532,2.518401,1.62659842,1.174761
2025-12-22 18:55:00,ETHUSDT,2018854.255,6104007201.548185,1.81928137,2.523966,1.62683569,0.732306
2025-12-22 19:00:00,ETHUSDT,2013780.262,6070341664.8507395,1.83386133,2.531418,1.63313366,0.671937
2025-12-22 19:05:00,ETHUSDT,2011645.819,6044512891.09844,1.83349638,2.556182,1.63150408,0.478586
2025-12-22 19:10:00,ETHUSDT,2003629.818,6024774608.63874,1.85091857,2.574247,1.64933368,0.905058
2025-12-22 19:15:00,ETHUSDT,2006606.016,6017630847.44256,1.85730319,2.576325,1.65996691,1.048508
2025-12-22 19:20:00,ETHUSDT,2006085.949,6030769042.530583,1.87196051,2.579741,1.67513631,1.673993
2025-12-22 19:25:00,ETHUSDT,2006700.265,6025880091.7632,1.88874502,2.577922,1.68897486,0.844618
2025-12-22 19:30:00,ETHUSDT,2006474.296,5997053561.554276,1.91408612,2.587677,1.70678023,0.508703
2025-12-22 19:35:00,ETHUSDT,2003529.642,5983340922.8688,1.9144622,2.586355,1.70900529,1.145067
2025-12-22 19:40:00,ETHUSDT,1999183.249,5976998143.20028,1.92045531,2.588976,1.71139344,1.108629
2025-12-22 19:45:00,ETHUSDT,1998983.152,5971771999.77456,1.92441704,2.587245,1.7148233,1.302233
2025-12-22 19:50:00,ETHUSDT,2000755.596,5967391275.997265,1.94003659,2.574645,1.72642703,0.505405
2025-12-22 19:55:00,ETHUSDT,1997976.104,5949273546.0756,1.93911414,2.581669,1.72203104,0.799116
2025-12-22 20:00:00,ETHUSDT,1996933.367,5950303917.721153,1.94254717,2.584688,1.72606354,0.877493
2025-12-22 20:05:00,ETHUSDT,1994032.346,5949061548.607791,1.94857182,2.591312,1.73342914,1.77967
2025-12-22 20:10:00,ETHUSDT,1992632.832,5939679798.28224,1.9597304,2.58459,1.74401109,1.254153
2025-12-22 20:15:00,ETHUSDT,1991330.44,5928831372.561094,1.96764131,2.589557,1.75022977,1.429883
2025-12-22 20:20:00,ETHUSDT,1987381.656,5909780819.880408,1.98498769,2.586913,1.7583675,0.689412
2025-12-22 20:25:00,ETHUSDT,1989275.215,5902044770.233108,1.99011103,2.590945,1.764943,1.041589
2025-12-22 20:30:00,ETHUSDT,1988891.885,5910867348.7069,1.99135567,2.610218,1.76551561,2.438542
2025-12-22 20:35:00,ETHUSDT,1986594.888,5912384509.97232,2.00275165,2.60374,1.77685678,1.24322
2025-12-22 20:40:00,ETHUSDT,1986319.384,5904791222.39832,2.01036903,2.605589,1.78295369,1.187042
2025-12-22 20:45:00,ETHUSDT,1984161.865,5908496726.4529505,2.02047255,2.610386,1.79351869,1.680421
2025-12-22 20:50:00,ETHUSDT,1983599.016,5907376065.53976,2.03773718,2.610737,1.81079329,1.725577
2025-12-22 20:55:00,ETHUSDT,1982188.361,5896970730.20778,2.04461636,2.612561,1.81708041,0.638056
2025-12-22 21:00:00,ETHUSDT,1978061.749,5884505873.505236,2.05101355,2.64986,1.82299931,2.317045
2025-12-22 21:05:00,ETHUSDT,1977402.477,5897464469.479111,2.05726029,2.653332,1.82886118,1.286595
2025-12-22 21:10:00,ETHUSDT,1976465.051,5903266285.02578,2.0639727,2.653752,1.83672059,1.408535
2025-12-22 21:15:00,ETHUSDT,1975887.611,5898972944.88828,2.06646279,2.6531,1.83961277,0.852633
2025-12-22 21:20:00,ETHUSDT,1975347.214,5896628721.98354,2.06724242,2.655348,1.84084286,0.794627
2025-12-22 21:25:00,ETHUSDT,1972984.077,5898255628.03227,2.07184072,2.671328,1.84585994,2.004594
2025-12-22 21:30:00,ETHUSDT,1972322.801,5901130650.907969,2.07943825,2.679424,1.8534716,1.710988
2025-12-22 21:35:00,ETHUSDT,1972558.726,5899114400.38834,2.0910232,2.681858,1.86290915,0.930616
2025-12-22 21:40:00,ETHUSDT,1972478.773,5907275958.507144,2.09459508,2.680479,1.86725447,1.639777
2025-12-22 21:45:00,ETHUSDT,1973006.117,5909034940.04798,2.09968713,2.6788,1.87361671,1.377035
2025-12-22 21:50:00,ETHUSDT,1972145.473,5893835631.87942,2.10156981,2.681876,1.8740773,0.270668
2025-12-22 21:55:00,ETHUSDT,1970999.047,5883767327.881169,2.10372053,2.688703,1.87299364,0.599471
2025-12-22 22:00:00,ETHUSDT,1970235.25,5887330420.796089,2.10633386,2.690074,1.87578593,1.153672
2025-12-22 22:05:00,ETHUSDT,1970763.324,5880560682.4836,2.10667388,2.687479,1.87464075,0.645516
2025-12-22 22:10:00,ETHUSDT,1972552.359,5881876888.591249,2.10912569,2.66891,1.87602368,2.831052
2025-12-22 22:15:00,ETHUSDT,1972698.365,5882921883.15205,2.11425266,2.671844,1.87928,1.010726
2025-12-22 22:20:00,ETHUSDT,1971760.016,5901772528.94196,2.11891657,2.674593,1.88416842,2.415805
2025-12-22 22:25:00,ETHUSDT,1970511.21,5893573400.039318,2.12179836,2.667648,1.8877611,1.647763
2025-12-22 22:30:00,ETHUSDT,1970427.096,5893783895.38752,2.12294369,2.666454,1.89028279,0.860056
2025-12-22 22:35:00,ETHUSDT,1970263.943,5890813352.61798,2.13032745,2.667056,1.89704876,0.60306
2025-12-22 22:40:00,ETHUSDT,1970137.684,5893627478.93232,2.13214947,2.667467,1.89877511,2.12986
2025-12-22 22:45:00,ETHUSDT,1969715.118,5894234610.55674,2.13033855,2.664472,1.8975899,2.817321
2025-12-22 22:50:00,ETHUSDT,1969801.991,5900226695.72194,2.13384196,2.664007,1.90226723,1.789401
2025-12-22 22:55:00,ETHUSDT,1975365.349,5944201020.746359,2.14645872,2.678542,1.91507635,1.725582
2025-12-22 23:00:00,ETHUSDT,1977957.154,5955717370.111808,2.14137565,2.689657,1.91232929,0.599993
2025-12-22 23:05:00,ETHUSDT,1976725.801,5939962195.714951,2.14281524,2.687636,1.91169965,0.610494
2025-12-22 23:10:00,ETHUSDT,1977527.417,5948071364.792934,2.14208771,2.686823,1.91249255,1.265107
2025-12-22 23:15:00,ETHUSDT,1980890.862,5959232833.60632,2.13998609,2.687342,1.91157142,2.306779
2025-12-22 23:20:00,ETHUSDT,1982044.2,5957488161.424495,2.13878014,2.691633,1.91053976,1.715075
2025-12-22 23:25:00,ETHUSDT,1983746.427,5964292332.48966,2.13926181,2.690194,1.91119899,0.530627
2025-12-22 23:30:00,ETHUSDT,1984531.858,5971282844.9452305,2.13254641,2.685443,1.88584449,0.934865
2025-12-22 23:35:00,ETHUSDT,1985138.652,5971297065.216,2.13901181,2.688702,1.89358903,0.576596
2025-12-22 23:40:00,ETHUSDT,1986082.059,5968732690.27152,2.18504128,2.691787,1.91641918,0.516245
2025-12-22 23:45:00,ETHUSDT,1986943.877,5970249744.97698,2.18712379,2.696402,1.93623549,0.89562
2025-12-22 23:50:00,ETHUSDT,1987746.244,5969221848.19444,2.18480616,2.697347,1.93426693,0.366972
2025-12-22 23:55:00,ETHUSDT,1994044.911,5997698989.113584,2.17912174,2.70852,1.92779049,1.071294
2025-12-23 00:00:00,ETHUSDT,1994291.39,5998230213.703,2.17820637,2.705475,1.92611248,0.953755
